0,0,1
30,0,44625000
32,0,15339843750000
34,0,235658349609375000000
36,0,83375924091796875028560000000
38,0,364383637373066308593808905000000000000
40,0,9890078822561523363873053640975562500000000000000
42,0,724177127351632239679156763721064731646875000010447190625000
44,0,94494941879102971548426943255366272090477329062500125692762207031250000
46,0,15546514063711177833472308691914966619561951279656187600852730075866699218750000000
48,0,2449658400404104837755254162543706164234287767150054840745080404023799400329591515453500000000
50,0,283344247665200768244665159471578279907020690211776678361125897379384535342630386467468678125000000000000
52,0,18741843977972705789416628614633297765235287183819189723326605405313096157232876216739356090707031250000000000000000
54,0,538597486687091217901599014713639170910908477003199606973339969396693917669714758343526550316522148437500000000000000000000000
56,0,5012954484527329075095758816550993255014514297734341584156792259214520072297065927431900919460225630527343750000000000000000000000000000
58,0,10112122194207291945512614466490964891906891392474292612109900250281353897769184763333004088988531874727890625000000000000000000000000000000000000
60,0,2577390848362583499124472255860446213893279389021032633383113743670873242663748932638485301231601143660255396400000000000000000000000000000000000000000000
62,0,10781172569848478094677777265227912463241877995802369584463881388510079849863024896298200254288342098002398048364800000000000000000000000000000000000000000000000000
64,0,68923327227733424555424104075182244333800462648673939175481790323785687314811629475483452262759694430872118360840258314887168000000000000000000000000000000000000000000000000000
66,0,159208717942564632832451436851893467293287322557965857039278318787606129517040042918269797134903003097080553219866841404263342016812810240000000000000000000000000000000000000000000000000000
68,0,99997687222393227996774752787421080800286972054775535007029055290400195244245433815318640529566152882491787289520450919934081681677970854074174668800000000000000000000000000000000000000000000000000000
70,0,11618792297260818214095379426811861186486179068081946474226942426744214135073637914350802302416488781467166156552364583888233158867650601375067429090508564070400000000000000000000000000000000000000000000000000000
72,0,142335539958379925842720526637621300998233425156794858452434831002634886547047084341022896924093730334221032255892330260220106722450245327718063415942786728661767264665600000000000000000000000000000000000000000000000000000
74,0,324312739171315785382690772496766482397774378823015582102090773706964974449134829736967933569869181383174736466584299932278041154892318049886438471669479142141390166687744000000000000000000000000000000000000000000000000000000000000000
76,0,179048943360283510678769944946129363235170514535869953287921392248365142766705918977294359275808389576114420323248627673173725695204733326303460397842969650344678795324015203175523942400000000000000000000000000000000000000000000000000000000000000000
78,0,30698692034216342910310618831705110546531709107799322887244318808542523197914237532340051467458398801936613571055504985995512719419154288324301296715934877017443331519064445726867788489587324616704000000000000000000000000000000000000000000000000000000000000000000
80,0,1237901939778245614332562234063173850923765124659914220307473385743899433571678449822999923607915474511476670198841848555596895345165145580361798381369210912415142036166418072624674024008756149102302250592632832000000000000000000000000000000000000000000000000000000000000000000
82,0,8054624666555705355784680271116005006796663240707127077023711225169098160402637863527325478479795835027919287236823379643390462147395074123196617477064326631387790859646185075105350045026717713983493728585295536327057473536000000000000000000000000000000000000000000000000000000000000000000
84,0,4772752449964479601749990236236465277735045754654059585993493249941231643470789985811125471778662217150617007223985043395536991065051640218520249746712312680103990833039921343689475645833026956903160193920608629906414493314368030113792000000000000000000000000000000000000000000000000000000000000000000
86,0,5669600215997023427424100847798676022031676669988819377150492369938092859630440798589309455272624095373791859802037943574656528707562709159425554289607561969794784979751839515904227095065707461731430562011339923469274897114700467248386015232000000000000000000000000000000000000000000000000000000000000000000000000000
88,0,249456232392943857793085121380090175934355663661992167196960559249729753379364226530068071728323965154726873247359459940987495067292965067545851468327811576361160206591548679182462654944637689683272567102540386038345045617231709683552673973827282732748636160000000000000000000000000000000000000000000000000000000000000000000000000000
90,0,2996746222130615045355104192620755616390761803613148337674626771634891707608022094436354142557977711842444903226006273939778885757809034041859739488932116275869125306439604628527142295100413000672819311793663284868500004457120694634296545597470600469935913618284030176788480000000000000000000000000000000000000000000000000000000000000000000000000000
92,0,7475830193328862732543355623652118090651942150855933286761550410346936352592963873494474741329097061034661574895521690208347130482059559251496772274835101036869016434378987695168072081078313736446692630096316469269035429360680533425351671712709440076626134706024819490181594239778905128960000000000000000000000000000000000000000000000000000000000000000000000000000
94,0,2668404529132360756376962878546135550595575438930062819537152904072569866793672397110019805335217002713085233351122019682478201587052317697177480110360848953906371673448637918203018133764997300666650779229040636826816913945887970341767550196770605899789257138398789752025278384040632715623052992273448960000000000000000000000000000000000000000000000000000000000000000000000000000
96,0,75193719524583924466372399192231731415677621851068356134903935186006763005702133473460342914523231378119654770532103587497073613303358895172038643604470169940819149937429938238838735468955461535404420804943836969416444801183839794859272494866272016645422502834917758856282022506786363013640095158475979462425716981760000000000000000000000000000000000000000000000000000000000000000000000000000
