0,0,1
6,0,672
8,0,2208
10,0,10400
12,0,262464
14,0,1666624
16,0,10535264
18,0,105167424
20,0,787647552
22,0,5557436384
24,0,43021416672
26,0,316419331552
28,0,2247834035072
30,0,16058294187136
32,0,113236622115056
34,0,785048771159168
36,0,5387015352110976
38,0,36592368138780960
40,0,245848648499639328
42,0,1634602219851716384
44,0,10762072933027729088
46,0,70184748892124078784
48,0,453449721260987754784
50,0,2903312158586808553152
52,0,18427344638467604693440
54,0,115959423568565144992352
56,0,723585263120732876613728
58,0,4478078110702181382004832
60,0,27490424731437287324459776
62,0,167423827463038325760815360
64,0,1011702784117422144315865720
66,0,6066516014357930634463359232
68,0,36101299538444063329446007552
70,0,213228182904187953017520164000
72,0,1250087093072092300722525962400
74,0,7275109577711644300142331789984
76,0,42030737322404974269323233542720
78,0,241070299284941393717705681785152
80,0,1372739270920326281576078740353248
82,0,7760968731231820255797265122598208
84,0,43565265704600514102255497989360960
86,0,242812665994859389724944298468346848
88,0,1343741063337543126426705483436401376
90,0,7383739800035710107609168760702808544
92,0,40285916541878979721092820095496968832
94,0,218243782261304209405602090482880715136
96,0,1173908686577241925103261162090296309968
98,0,6269304058414372012382823042778700106112
100,0,33241671382082549594799392225629250340480
102,0,174987953276933685729736138255007178615584
104,0,914483304681078781780660536626177334201376
106,0,4744202418004047145272119897684772743909664
108,0,24431174935277978585015806519518164953148352
110,0,124878907716457063234132619550177513040089536
112,0,633523735841947102385361872519437936015813280
114,0,3189529109165382755913954456214130713734462912
116,0,15934419111997063195438677075539217310790217408
118,0,78984771149062640190830846024989450077501275744
120,0,388414046389673507348852361127309194428760881760
122,0,1894669346697610961057854056562841445907477034080
124,0,9166355679197188800002356857784564765073188036096
126,0,43976170253293630859084389075278642930638055127552
128,0,209180971277641623342924761997840132779410344454940
130,0,986349087575193461117141395884123889282815400786432
132,0,4609506211750613084147475377464966551622772599807488
134,0,21344995915582201805669051988519428629487834216089888
136,0,97914872967949034227918106005227998203842435589858080
138,0,444831086548906853055300288362970186148029126287992608
140,0,2000820532217523354942006692440258759216060988763316288
142,0,8907376114040620301468694963880366580592732681870878016
144,0,39234772080523827812452635279528995677556733671952866784
146,0,170927169458550248195724259584159747293881616655057461568
148,0,736198238322504441673329938259051888790222279137749759808
150,0,3133508260118993760841146148904939756983895606428416319328
152,0,13173718853514092169662873771018498012732444220342688921696
154,0,54675566499385311503191648450802423049797913585691841867104
156,0,223884853516195793447014571003898555585627258682314450057088
158,0,903883018168149539705771226090611636614104057741150047791232
160,0,3595291113678949631745876585598738606314018951356678670120944
162,0,14077868437769524342486841586325188324363145129053770613840000
164,0,54217249151047323710198746044127637568832240387599019229328256
166,0,205175717226901347316602993444405153040064456674231758625108384
168,0,762203601065331381809967215790445390193432266210709502884474016
170,0,2776681434958082916221747540148601001135067543151708147496386464
172,0,9909154801420549675373198992764132496636300210116980205098220480
174,0,34605701242424726107377031454961020325323272133226208078267917248
176,0,118143826329939600075138277509710767527421985343828170383519600800
178,0,393905651965306476537238013242243067928094647489812718779681095616
180,0,1281374544126727305288833991033674175025159016402071777298436963008
182,0,4063232631814899749789596223267976344562817321141691088703203296224
184,0,12549187241366459972934338045780751352300632954201997627007292311008
186,0,37720224864168155912633037768500311204777080031951329372510557659616
188,0,110266898338972877333817702476363750964195163823930068381921118862592
190,0,313297486091645683208439527312216774079186508035411115303337016090368
192,0,864706662078194736963271666011285013316460061789650731868113338205512
194,0,2317232220980155802342123638988012295765001083943028653587440958676736
196,0,6026646280392417503681537153645904145682114757277906381878356342336768
198,0,15206514138942345404303299923618654129108173848215843310344703558478112
200,0,37213260175871859357151372958593578812526858842868334317829511948634400
202,0,88301438876123331801643324727855650327900781212829138802576323925604128
204,0,203117485303779659512897914943956738689528271645871376798315227586974016
206,0,452857127738007884677087755856641568019087197941455698524967721099112512
208,0,978475176696855718060696976940359123420836987143799780955629234713267552
210,0,2048646554965789532131113056319586153250022853076885112922838796255095872
212,0,4156029517874476235303221416322896196617446744519154731000920303558244416
214,0,8168842629376226873172920791142019162081031879403770363487532999420937568
216,0,15555983265404608163223740310057457100202206541795573468568131564899427424
218,0,28699977945258121835293933385961376957876128184602698294186342049928446816
220,0,51299265875362546987774811684743986191041923016704113646385243790076977792
222,0,88836140167390473260311224910760815071145279366509476531199647726720166272
224,0,149047518038857159130800383019537590267417762914193691045138690535496339024
226,0,242285383943753990744264816053078037539651403590175107958357312276718295424
228,0,381601817034893765911048546996486034468980258994479700749638204045837868672
230,0,582357336862117619217951756295100598626576396646901202265559029309287655840
232,0,861154150265103812785228908274635070384627993223107379304290170141399161504
234,0,1233961042229678001323179692547620251848965768665749007130620919505130022816
236,0,1713437767189709743800196770156107861504684382248837428728111993604438524096
238,0,2305676845825793795220173338177483574595555583281989709880655142301711958720
240,0,3006824058947192951816670166577441685508603280985472954070875641778516508192
242,0,3800251961199328486471448019459305410627197771016600314291289163312957202112
244,0,4655064213925201667824355084553648314524413023362876037779591754658669092800
246,0,5526631914660492290121373107842039634659720942040498155415770502301187373536
248,0,6359573925170136349204092391772915324441344805269190010050691342361428943328
250,0,7093120754409358982073297177258446923308478239781565962839769443209048180704
252,0,7668242805431661559531801129502088710355368654150647691830506134365256950784
254,0,8035424425076109187772976266619407428099779245118584683805038897333829397504
256,0,8161677906332395754156431887953043076400931913113671031930576569697293478470
258,0,8035424425076109187772976266619407428099779245118584683805038897333829397504
260,0,7668242805431661559531801129502088710355368654150647691830506134365256950784
262,0,7093120754409358982073297177258446923308478239781565962839769443209048180704
264,0,6359573925170136349204092391772915324441344805269190010050691342361428943328
266,0,5526631914660492290121373107842039634659720942040498155415770502301187373536
268,0,4655064213925201667824355084553648314524413023362876037779591754658669092800
270,0,3800251961199328486471448019459305410627197771016600314291289163312957202112
272,0,3006824058947192951816670166577441685508603280985472954070875641778516508192
274,0,2305676845825793795220173338177483574595555583281989709880655142301711958720
276,0,1713437767189709743800196770156107861504684382248837428728111993604438524096
278,0,1233961042229678001323179692547620251848965768665749007130620919505130022816
280,0,861154150265103812785228908274635070384627993223107379304290170141399161504
282,0,582357336862117619217951756295100598626576396646901202265559029309287655840
284,0,381601817034893765911048546996486034468980258994479700749638204045837868672
286,0,242285383943753990744264816053078037539651403590175107958357312276718295424
288,0,149047518038857159130800383019537590267417762914193691045138690535496339024
290,0,88836140167390473260311224910760815071145279366509476531199647726720166272
292,0,51299265875362546987774811684743986191041923016704113646385243790076977792
294,0,28699977945258121835293933385961376957876128184602698294186342049928446816
296,0,15555983265404608163223740310057457100202206541795573468568131564899427424
298,0,8168842629376226873172920791142019162081031879403770363487532999420937568
300,0,4156029517874476235303221416322896196617446744519154731000920303558244416
302,0,2048646554965789532131113056319586153250022853076885112922838796255095872
304,0,978475176696855718060696976940359123420836987143799780955629234713267552
306,0,452857127738007884677087755856641568019087197941455698524967721099112512
308,0,203117485303779659512897914943956738689528271645871376798315227586974016
310,0,88301438876123331801643324727855650327900781212829138802576323925604128
312,0,37213260175871859357151372958593578812526858842868334317829511948634400
314,0,15206514138942345404303299923618654129108173848215843310344703558478112
316,0,6026646280392417503681537153645904145682114757277906381878356342336768
318,0,2317232220980155802342123638988012295765001083943028653587440958676736
320,0,864706662078194736963271666011285013316460061789650731868113338205512
322,0,313297486091645683208439527312216774079186508035411115303337016090368
324,0,110266898338972877333817702476363750964195163823930068381921118862592
326,0,37720224864168155912633037768500311204777080031951329372510557659616
328,0,12549187241366459972934338045780751352300632954201997627007292311008
330,0,4063232631814899749789596223267976344562817321141691088703203296224
332,0,1281374544126727305288833991033674175025159016402071777298436963008
334,0,393905651965306476537238013242243067928094647489812718779681095616
336,0,118143826329939600075138277509710767527421985343828170383519600800
338,0,34605701242424726107377031454961020325323272133226208078267917248
340,0,9909154801420549675373198992764132496636300210116980205098220480
342,0,2776681434958082916221747540148601001135067543151708147496386464
344,0,762203601065331381809967215790445390193432266210709502884474016
346,0,205175717226901347316602993444405153040064456674231758625108384
348,0,54217249151047323710198746044127637568832240387599019229328256
350,0,14077868437769524342486841586325188324363145129053770613840000
352,0,3595291113678949631745876585598738606314018951356678670120944
354,0,903883018168149539705771226090611636614104057741150047791232
356,0,223884853516195793447014571003898555585627258682314450057088
358,0,54675566499385311503191648450802423049797913585691841867104
360,0,13173718853514092169662873771018498012732444220342688921696
362,0,3133508260118993760841146148904939756983895606428416319328
364,0,736198238322504441673329938259051888790222279137749759808
366,0,170927169458550248195724259584159747293881616655057461568
368,0,39234772080523827812452635279528995677556733671952866784
370,0,8907376114040620301468694963880366580592732681870878016
372,0,2000820532217523354942006692440258759216060988763316288
374,0,444831086548906853055300288362970186148029126287992608
376,0,97914872967949034227918106005227998203842435589858080
378,0,21344995915582201805669051988519428629487834216089888
380,0,4609506211750613084147475377464966551622772599807488
382,0,986349087575193461117141395884123889282815400786432
384,0,209180971277641623342924761997840132779410344454940
386,0,43976170253293630859084389075278642930638055127552
388,0,9166355679197188800002356857784564765073188036096
390,0,1894669346697610961057854056562841445907477034080
392,0,388414046389673507348852361127309194428760881760
394,0,78984771149062640190830846024989450077501275744
396,0,15934419111997063195438677075539217310790217408
398,0,3189529109165382755913954456214130713734462912
400,0,633523735841947102385361872519437936015813280
402,0,124878907716457063234132619550177513040089536
404,0,24431174935277978585015806519518164953148352
406,0,4744202418004047145272119897684772743909664
408,0,914483304681078781780660536626177334201376
410,0,174987953276933685729736138255007178615584
412,0,33241671382082549594799392225629250340480
414,0,6269304058414372012382823042778700106112
416,0,1173908686577241925103261162090296309968
418,0,218243782261304209405602090482880715136
420,0,40285916541878979721092820095496968832
422,0,7383739800035710107609168760702808544
424,0,1343741063337543126426705483436401376
426,0,242812665994859389724944298468346848
428,0,43565265704600514102255497989360960
430,0,7760968731231820255797265122598208
432,0,1372739270920326281576078740353248
434,0,241070299284941393717705681785152
436,0,42030737322404974269323233542720
438,0,7275109577711644300142331789984
440,0,1250087093072092300722525962400
442,0,213228182904187953017520164000
444,0,36101299538444063329446007552
446,0,6066516014357930634463359232
448,0,1011702784117422144315865720
450,0,167423827463038325760815360
452,0,27490424731437287324459776
454,0,4478078110702181382004832
456,0,723585263120732876613728
458,0,115959423568565144992352
460,0,18427344638467604693440
462,0,2903312158586808553152
464,0,453449721260987754784
466,0,70184748892124078784
468,0,10762072933027729088
470,0,1634602219851716384
472,0,245848648499639328
474,0,36592368138780960
476,0,5387015352110976
478,0,785048771159168
480,0,113236622115056
482,0,16058294187136
484,0,2247834035072
486,0,316419331552
488,0,43021416672
490,0,5557436384
492,0,787647552
494,0,105167424
496,0,10535264
498,0,1666624
500,0,262464
502,0,10400
504,0,2208
506,0,672
512,0,1
