0,0,1
5,0,114240
6,0,14337120
7,0,1044724800
8,0,33300562200
10,0,5709715200
11,0,1433138515200
12,0,194360132836800
13,0,16434775919016000
14,0,895264221421836000
15,0,30441345855713352000
16,0,485217151894771285500
17,0,12178965378674304000
18,0,1587861355878008064000
19,0,147169877087951444160000
20,0,9988810654165781523120000
21,0,493615235353476377723400000
22,0,17143180746948672096775500000
23,0,380207184748848535420830600000
24,0,4047481456615580726817633825000
25,0,830555988935682449525500800000
26,0,63473437910584355631784380000000
27,0,3808098650318716795538286972000000
28,0,177740391921770634099143687001000000
29,0,6290652777585367144849394794029000000
30,0,160329058157298690941460515617383900000
31,0,2640295020950310545379679429345401000000
32,0,21265277959296230448187775247675669843750
33,0,16887237793397828767014407867924640000000
34,0,935902480663256759890440171309038880000000
35,0,42100424212170677667886173028992271056000000
36,0,1509073874910620548507543926098141413668000000
37,0,41722397065212598893097638306623153782035000000
38,0,840061830110027483545633793587065112783192500000
39,0,11022227953487239941801027294753156240811275000000
40,0,72744820137270527461557245463321854146242995625000
41,0,144756380580430323313731376128657867202550880000000
42,0,6346908465482152527065803640884087754528855220000000
43,0,229535786558386929401702662944277711370126465100000000
44,0,6695920806370655154767303533521254539970289617025000000
45,0,152035792388619866899689315537838703747963047077675000000
46,0,2531041298424082353933683483530898133818201569278262500000
47,0,27673431800380282011827090445477474348990403432791975000000
48,0,158527115420045503947932569331028530957389828508724623437500
49,0,553816948376798896068464691433209890767646391772434000000000
50,0,20161010379784840708460484317398393471803378937530648000000000
51,0,610946590785344824846249447004608438541354629278120675000000000
52,0,15041335414499195576802105279088720636255683378955747248750000000
53,0,289832458052581377907938579786030940626329417846118143934375000000
54,0,4112876017347149944855101590223973609374723400087991784201562500000
55,0,38545817776276954702753849738410782579262551778493534650234375000000
56,0,194573516984818893670964422873113420355216955139371359301865234375000
57,0,780953885138988496549194376649344199524965987660696204003750000000000
58,0,24348153649538680044483252411085243495302473031344871501617812500000000
59,0,635560775007909067550231644240790017568657523079658970200564062500000000
60,0,13539899336333741929866713373344814429160786721046723333660540234375000000
61,0,226510179413650411226617857777060967754701644237869138035598818359375000000
62,0,2794449480477439563560849316645586642775039112173940534296022184570312500000
63,0,22622101905307605752418360094842328433709088325557731712802663701171875000000
64,0,90134826845360906945480451019289345050433146663423838339184831128082275390625
