0,0,1
2,0,1440
4,0,1026000
6,0,482220000
8,0,168174225000
10,0,46416086100000
12,0,10559659587750000
14,0,2036505777637500000
16,0,339841901643257812500
18,0,49843478907677812500000
20,0,6504573997451954531250000
22,0,762809132428456485937500000
24,0,81048470320523501630859375000
26,0,7855467123373816311914062500000
28,0,698575469185742950595214843750000
30,0,57283188473230921948807617187500000
32,0,4349942124685973135487578430175781250
34,0,307054738213127515446182006835937500000
36,0,20214436932364228100206982116699218750000
38,0,1244783747940323519854851004028320312500000
40,0,71886261443553683271617645482635498046875000
42,0,3902397049792914234744957897628784179687500000
44,0,199554394591683114276730801583290100097656250000
46,0,9630668608555141602050921293802261352539062500000
48,0,439399255265328335593573284029728174209594726562500
50,0,18982047827462184097642365870084257125854492187500000
52,0,777533882163354848614966140447682070732116699218750000
54,0,30237428750797133001693127684076524972915649414062500000
56,0,1117704955609822594884013826893542976677417755126953125000
58,0,39312381197311001613161865635565994352102279663085937500000
60,0,1316964770109918554040922498791460810795426368713378906250000
62,0,42057907174478044145177847542049877506047487258911132812500000
64,0,1281451859222377907548387542296832205262384377419948577880859375
66,0,37278599541014630037771273957726027789451181888580322265625000000
68,0,1036125781360553687814525114413267537089157849550247192382812500000
70,0,27531342190437569419071667325838251699797622859477996826171875000000
72,0,699754947340288222734738211198388897369856247678399085998535156250000
74,0,17021066286655659471926064596717567773861368186771869659423828125000000
76,0,396411675360269964017225451791974933680718706455081701278686523437500000
78,0,8843029681113714581922721616897902366723724990151822566986083984375000000
80,0,189019759433805649188598174561192663088719621664495207369327545166015625000
82,0,3872599949375530373620060161741508219378645907272584736347198486328125000000
84,0,76068927577019346624679753177065340023509116035711485892534255981445312500000
86,0,1432926310171759785255595350544719195791683348579681478440761566162109375000000
88,0,25890373104239750665413597810978449105781551411837426712736487388610839843750000
90,0,448766467140155678200502362056959784500213557805182063020765781402587890625000000
92,0,7463181464396067257030093629860309459623116776542701700236648321151733398437500000
94,0,119093321240362775378139791965856002015262501753340984578244388103485107421875000000
96,0,1823616481493054997977765564477170030858707058098033826354367192834615707397460937500
98,0,26795997279081624460081453192317600453434062894501721530104987323284149169921875000000
100,0,377823561635050904887148490011678166393420286812474273574480321258306503295898437500000
102,0,5111730539768335772002597217805057545322745056874651936595910228788852691650390625000000
104,0,66354194506608204732726021577277189290247171411353654946196911623701453208923339843750000
106,0,826297516497385191011305174358546130784210059084781363480942673049867153167724609375000000
108,0,9869664780385434225968367360393745451033620150179332952689037483651190996170043945312500000
110,0,113052523848051337497455844309964720620930558083872359276256247540004551410675048828125000000
112,0,1241558967259849510016702575904076842533433807528241088480314147091121412813663482666015625000
114,0,13069041760629994842281079746358703605615092710823590405055938390432856976985931396484375000000
116,0,131817059137388741081628131924480027746290159238479317016512482041434850543737411499023437500000
118,0,1273486842513755634178441274524637556192972724846325605074781606163014657795429229736328125000000
120,0,11779753293252239616150581789352897394784997704828511846941729857007885584607720375061035156250000
122,0,104279783251741137585595314200828927757113094436186826186041542996463249437510967254638671875000000
124,0,883014293663937052136089354119922372136844751274162641091480807631342031527310609817504882812500000
126,0,7148210948708061850625485247637466822060171796028935665978654157015625969506800174713134765625000000
128,0,55286944056413915875931487462196032451871641234911299291553653245667732107904157601296901702880859375
130,0,408272817647364301853032522797755316567667504503960363999165439352623252489138394594192504882812500000
132,0,2876467578879157581237274592438730639454021054459720746357756504529845642537111416459083557128906250000
134,0,19319558365606282262041396516379534145586708574729467699417767567737769240920897573232650756835937500000
136,0,123588351309393129176294227715074961078385562205989977194804836646557788526479271240532398223876953125000
138,0,752276921013697308029617038265673676129303422123417252490116396979047408422047737985849380493164062500000
140,0,4352459328722105853599927149965683411890969799428342675121387725378774291584704769775271415710449218750000
142,0,23907875185938327928224951950515725783626453827845825961934383280249605263634293805807828903198242187500000
144,0,124520183260095457959504958075602738456387780353363676885074912917966694081428613571915775537490844726562500
146,0,614072136625128285827695683660506655401364396263163338063383132198191916018004121724516153335571289062500000
148,0,2862903880211746737980473119768578325857712387983666913944151089302381230083938135067000985145568847656250000
150,0,12596777072931685647114081726981744633773934507128134421354264792930477412369327794294804334640502929687500000
152,0,52210326025966854984749154526305915258405123286123188720086755391751320853899187568458728492259979248046875000
154,0,203416854646624110330191511141451617889890090725155280727610735292537613716490341175813227891921997070312500000
156,0,743253891978049633898776675324534757674598408418836602658577686645810511656407015834702178835868835449218750000
158,0,2540234820684473432312274713134485880660019876874504844529316144232516938572530307283159345388412475585937500000
160,0,8096998490931759065495375648116173744603813357537484191937195209741147741699940354465070413425564765930175781250
162,0,23991106639797804638504816735159033317344632170481434642776874695529326642073897346563171595335006713867187500000
164,0,65829256023835439556872972748911981663445637053150277983229229347489006030080815889959922060370445251464843750000
166,0,166555948975969184421003906955078507823175708206765763572025760999670979112252666709537152200937271118164062500000
168,0,386647738694214178120187641145717964589515036908563379720774088034950487224872262004282674752175807952880859375000
170,0,818783446646571200725103240073285101483678901688722451173403951132836325887964790126716252416372299194335937500000
172,0,1570921729031212187437698076884791183079151381146967493530368045778116206645513841522188158705830574035644531250000
174,0,2708485739708986530064996684284122729446812726115461195742013872031234839043989381934807170182466506958007812500000
176,0,4155063350689922517713347186117688278128633159381673425286044008229735264442483710922715545166283845901489257812500
178,0,5602332607671805641860692835214860599723999765458436079037362707725485749810090396749728824943304061889648437500000
180,0,6536054708950439915504141641084004033011333059701508758876923159013066708111772129541350295767188072204589843750000
182,0,6464229931929006509839260963709454538143076652452041629658495431990945095934719688557379413396120071411132812500000
184,0,5269752661898646611282006220415316199573160314498946980699860406514357415164173659150037565268576145172119140625000
186,0,3399840427031384910504520142203429806176232460967062568193458326783456396880112038161314558237791061401367187500000
188,0,1627583183153322563539397940416535545509898518548061867752187496864420615527713209758076118305325508117675781250000
190,0,513973636785259756907178296973642803845231111120440589816480262167711773324541013607813511043787002563476562500000
192,0,80308380747696837016746608902131688100817361112568842158825040963704964581959533376220861100591719150543212890625
