0,0,1
2,0,0
3,0,0
4,0,0
5,0,0
6,0,0
7,0,0
8,0,0
9,0,0
10,0,13888
11,0,422272
12,0,4967296
13,0,31340544
14,0,126800576
15,0,438104448
16,0,1696657520
17,0,6030638336
18,0,19297767680
19,0,62390795264
20,0,166511679872
21,0,371926579712
22,0,965196038144
23,0,3774402694144
24,0,26673997138688
25,0,201849830860800
26,0,1246437435163200
27,0,6515998099670400
28,0,30948751863310080
29,0,138466333139351040
30,0,585584671812643520
31,0,2341985007171066240
32,0,8885575151919872760
33,0,31909662453485722880
34,0,108955042074069423360
35,0,360178153271538263040
36,0,1180621526861872513280
37,0,4001517604699423626240
38,0,14819864853580149519360
39,0,61054607297207820410880
40,0,272292778371009387891200
41,0,1262889357040505178705920
42,0,5874123555747492632278080
43,0,26757229717520269575658880
44,0,117958124352494959335911040
45,0,500628881389688860222776320
46,0,2042719547941571650343175360
47,0,8025771871143697719684269440
48,0,30467700882282004940779804240
49,0,112292348796024126759200810240
50,0,404608617767220187161502604544
51,0,1439637744792699969590180459520
52,0,5124983553862145940537489708160
53,0,18535754961263263754601286069760
54,0,69122170739738358076758889548800
55,0,268091812312483972077354491042816
56,0,1079789848022783040661144977808640
57,0,4468662198768649870222816645969920
58,0,18724619841799314637774144782360640
59,0,78357506371280122616977567703208320
60,0,324180495981415785348625435501340160
61,0,1317646063754073897080857150047810048
62,0,5244635320505510774740603855590505664
63,0,20424370007862639914829723080284695936
64,0,77892802704033197870645711207600484764
65,0,291627587083734967540818210715291084032
66,0,1076119953518746330452763101794141935872
67,0,3935157373599707660644994715885961702400
68,0,14356822966210251074742804792603270191104
69,0,52644303725510295250929307897686981752832
70,0,195345238076522567527142262128071252011008
71,0,736995394577164937911703581668866497880064
72,0,2830975611147824129371707871638329122350080
73,0,11047081701891632614303305222994008564768768
74,0,43575109735528822681640318742084575044279104
75,0,172666484454518943943255707184692947317960576
76,0,683176984012798337759620133123543718080743296
77,0,2685748095982504297406687730642403145525940224
78,0,10454273976290034665311704721826703953855033792
79,0,40212623140993647012724966508876040076663603072
80,0,152762450166699830637403450655425919616216035696
81,0,573505013415359273300463925090189853616614015232
82,0,2131452050406311041986360351892573928155558378752
83,0,7862956758515128471651752595728149385618277284864
84,0,28888985431760012938599443143583080746983827619200
85,0,106107616034351079094012964817951837239250528578048
86,0,391042994073349665296635595464288019417806187251712
87,0,1450368791729235190643331850152192899019056562928640
88,0,5423788259283210899855777489983889636773233869839104
89,0,20456495386576251721643393442536756430820059102226432
90,0,77721904255291448816259346112172303722162287205037888
91,0,296767557395800464176045647755138352988183148708107136
92,0,1135435068724823408922514143255331324989471540398950656
93,0,4339809204871060082274160295461634514399928352417572352
94,0,16527147845498416798120840431949583979071422052020242880
95,0,62587017947023317164762211296230463155917856236832786304
96,0,235399769223229432877975646148250312035252474760992834504
97,0,878989406061421942455372116037871324067430444792177451264
98,0,3259580844683605499607771845630584051637416764470312108288
99,0,12016313199445810199830784301669419177616372275846508651520
100,0,44103638713554633027220136467907086601883521168293928925952
101,0,161469754322492606773121278089163838539254111720572115061760
102,0,590886240717903947364702141247922779561231869567389014678528
103,0,2165434761280712873654845593048289600353876617671971537059840
104,0,7959430792965524327822289192684234044640363011400749279872512
105,0,29371043378992068997957249347254734606815008572884939047481344
106,0,108829177477998379813027168126447025295527340621454866566815040
107,0,404701372799097464543344264824394645397840909030747069706376064
108,0,1508716247136619009695588036479350242986257084678627322880487040
109,0,5630231183478657720142537442037644111057370665992913587898346496
110,0,20999244139418832951349155159674870676146252198611705349651419072
111,0,78163137720787220074354408922345022400827851449825936861369314176
112,0,290005814286228894146609252949717212914935924196756752427123783120
113,0,1071699381773191745427179333423977129573937205212346838025068394752
114,0,3943175474885410124265484186886111557387656028442630770824158791936
115,0,14446439319042352633212176249700071789366480081303549770035462231040
116,0,52725850433880880777086877544794323069017870480608874218015414779008
117,0,191858325621229992452799547961391696884115483556154370822050664140288
118,0,696744531468621608037905669273976124028792991141132358302440665506816
119,0,2528045139114818417259372672183007984747532417158847462033955726658560
120,0,9174395722853643286326737789722293524694167989536940843669983342413056
121,0,33330045306487413957756682862868658240948358262707528372731170687907840
122,0,121287693279770636365623263852399582477103377548843361877531029021137216
123,0,442199869714868112533590795745122090917207162919714574474409706002782080
124,0,1615015992222234758858678791670979934918168210743417870663798244909507584
125,0,5905860808485418546574109429180717282135751314691494507532716018910949888
126,0,21608567975224152641075801449533127636561156100887459531463619878587566016
127,0,79038879201328819877268517939725366023518378299637820669819375597988475776
128,0,288777129221161265528083421055023687203330227424183656665657447753596092102
129,0,1053107029314590920360947624660650378150216295440626128629554824462300739840
130,0,3831155286181446929017795707808015296255547317876811170357417744695484769536
131,0,13899351383050770845760875785819585772994029001205799915877272965107665177600
132,0,50284566645042577768600431594985169841220941442490453685808179487738048916992
133,0,181435307871129221031771558475849603315767240064025659310845649127780478320640
134,0,653155409589484274483166283475979235761273043254176869491119529925113420136448
135,0,2347176989427033583268549796845693395437693837591978465673878477509283266789376
136,0,8425072407471240597071763804636711501815963899952149447036300276284300255045632
137,0,30225108868523404710323158992369057784581894021702882265471051659847802608074752
138,0,108434518953771939726695468066941706461380753012619282262122697090965189918341824
139,0,389183103463838548483594904382542628041391515957776439732251695231905079130555520
140,0,1397751810891179715226897823675050452649208002401295344505937116242718204435433088
141,0,5023553699037346466842594768027353324665511065682332461397850359935603998738528256
142,0,18064568011113697051767899726304867412827501049442096950322453781357633601918885952
143,0,64974092020006093332569300544196864796606977096798651002217822559414042093403956352
144,0,233648117720804181803553364458093943584585570115884551074925437392557750038699304144
145,0,839627987900153382329864521509834065979797743330590849414718806561151257024204101376
146,0,3013797021088899554170696355599773468409172125905262743198188630400661143115069448960
147,0,10801242680219858281734053438656505015336863495856756943371254414032345854604673602560
148,0,38640614994108384614573242316459290227196325196284710585724507342911429821293242519680
149,0,137962527470761081519127177620361488444898232022548522155732088598657768922334008286720
150,0,491612316492418598214209252333283471199106887183740811260227358969736387097517980151808
151,0,1748575430602634322000641643877465766622168086391955463553789865990356018184185203958784
152,0,6209400431800529397633289143560918604670878046437952611970020071911304127000628785207552
153,0,22021966924029049566896504204372411878214051737217537255817421146038251206751338233264128
154,0,78029241420605197976796346748409537578495005802487112453886124865643131020312206869962432
155,0,276315094045974306128107342904878811347020797063989295371509070595662452327107874556395648
156,0,978201547858155778026169678779002851032021562827946532046902150522290716065691138816116992
157,0,3462770667923606890373179424198037023068924163715205127426080018099014966127401783987532288
158,0,12258589842014498266355726818503088091449082037318144302764448083560264654948089372210391104
159,0,43398953847682477977505962951328875766826785550947226053083588383297880818571953586893495424
160,0,153636348824130826121497939813681475491533115237890339400560394641502693611264681532163501768
161,0,543751527376698819730109241848363092155227664978946654646130546236842740714370540407284905728
162,0,1923485958111158281292230098750463398522454330743637308312077456769624938227352975479032205056
163,0,6798904973576989641877474167542661323309495887163587074733379796047674590728497887992327146496
164,0,24006775225233689905700757239257477763219730626150024703431801572141096932149057344475534112512
165,0,84659236575829121508146742506256912512826746130312015672441443669087631353985394218062237674496
166,0,298118363238274293682773109700552296747202261750813946080151238958394679042695386842911806417920
167,0,1048187275420544341227261409204941451652589302886954115072982930877762041472823828289129402982400
168,0,3679786244535037181800985006309619836373677934816847783926327915378822086070277486144187363816960
169,0,12899462002381281476404671425195731883750715191592162677434245180929488311743674540002927999365120
170,0,45159189779283748190905965174410548738065271988146591004802388282275544083618812878975428162686144
171,0,157916189835515020399233594915621287789084523192093840930563731657103323924905169467142931423697024
172,0,551700784859852922452855552570179930839707633707122705161418115129158972703383052692988726936575872
173,0,1926045597815081075168612896087404513132965255293829212976583466116683541878446990669874927541337088
174,0,6720380675440067930888219846194939743485673214639843755313433685053419130742595698830167415077600832
175,0,23439260590032662104944701864762139316142592393762014769619149033643084777760293681623376443794206848
176,0,81723900753447977662578572891763064844116983077544325558029877876161236108901542978498638617116797040
177,0,284848038889223658353942007345100272494766956661280559970449390476325860544106980654860212700359405312
178,0,992458709268015294409308763276058055209375192157295023846772595326097216805346483676780615532721923840
179,0,3456203082098540025895042730666007650248898842811420119412596561651379165687911241961069093096405367808
180,0,12028439320631496749133587934714203555599780932644841211170620570956428891995836994546969248904061284736
181,0,41828230815198090040981372664869684185865219181534828749464924729086934768421124222019814294572843137536
182,0,145313801764277902630903470675910351596513249175019474770376126798302468918557058040308209882808010036224
183,0,504262232183140099502106461412308711570364299166535905272483319097980475849136234253221230351126382154752
184,0,1747704426118335200068987261343015898752585410872125404192589472376693900215173585962845367195330454908672
185,0,6049375411290021359181642310908643599354589323065218620710915430240136860070721329176789541833555460499456
186,0,20910990747818763393556272050123957363772335269084038762920224937541375898825568730716229272818786850689216
187,0,72189155727741394138199674508775111025170930228746799222632709960276594840520152023730390731167207997305984
188,0,248904700670581401587701050513727326353375695946375100628639066053182885962761197186580165843260124380104192
189,0,857240903326767859084111010139803615479932312950276910410250125371470353662970964294402399442082215213491712
190,0,2949407751369341884918388654666325614340116237957682048752499922586078649298756872236532000649567208041145920
191,0,10138753644905596826695108155980111372003788651139916331850076530707700652009079095553777495159121417768790144
192,0,34825997228970063459855300805055900089718109117983451581707333964776383336852176155490115910803546666705557148
193,0,119545494691955176982982413993725363277972879639292225609734013827080557410550342781589455801546426717404933888
194,0,410110189631578724235186989411855761747316633763573500650568663398968093693490189340858065074905532711846853376
195,0,1406098128882387532180728793529476850089258272529020114455912255965842372258112054567890174296861928838008398848
196,0,4818045169060058792135577360921002806583148124700147014589587576820536774503242269255382377217453560875317148672
197,0,16498427214466445151328198597875141592547591538682852880672116259548794600972715308980722410939333914913933449216
198,0,56453897365368085674604181994816276674736574176854029819028219610911663738450735834853159227657493287067643480064
199,0,193009955714980869914984586133028075038410735367758444985334645149334454116011420608132077311384388483827696050176
200,0,659251517795898373156547265364692125465563476221985649404241760845678809733269019119264361290986054747160543478784
201,0,2249371693008634837780859563575573556710137173800426752635600570395297924188206680319821644137548836471248088801280
202,0,7666011571079493953913061443727399891209200296731330554378771758525247283430724567358209127991774469275768697062336
203,0,26094297688112842343714363705014630498496870905595846357883183639189638124861928465035162730512167811736525223639680
204,0,88709903266917981253945884511548740242999924828761595545219955694399452713230918739936904590910223038976057188886144
205,0,301193180082439228482209361747873165073229400844813378253415955664809420808929631806926322420978089745000790285402112
206,0,1021348962782995941205306214632198438388344053988609751560428379970956192638321345439726761992558649471878320281307968
207,0,3459235034484148866192577178850200229195598408894714276229265106908848268606334747219012633920069491960014599219137152
208,0,11702868478851168577248502407335950632266157071695406747690556448560406413498334589118552887763090642051587908307589456
209,0,39549879233107480704531449157200233365231095642650654146733397576667989486844848124844471636188117973506473930010995456
210,0,133528373238196546970621574864956951784068815653105028959509131397238538869548377472181059214326754464008771729803071232
211,0,450411200008730983255579316551653370815785374004285721819085731433138478893814725977111429215379166436580175236087215104
212,0,1518017690001373473732229749702620118378470271885777610803011628129763976682180370966479105703324293098564472088474785920
213,0,5112010368228987980692270244568045262268846064124015562262248018780005577722514440231930147122008894190156184781733887488
214,0,17201165335208578531666478443532421718620332560816594890623760819146411439415232643647653438589605351032264763153634330624
215,0,57831930736313529417674990440697078273033206417912855784712370126137389764726162564767036594005913275603990685989200090112
216,0,194268724582479385241967423512207750449859558068670320053447496709572110301612577413981442716088405844909223235940432511232
217,0,651983156064984733480947749110314684194744255393800808784232868974383537230044899982341032695528944065843205497756392814592
218,0,2185923956539648918840152215258722498536075350715505613599308497778744588376580930689386925067880838482880443138640692082624
219,0,7320876011744897019366568086513372913091446742560657919092940756199654865517326755738487811338009435733415345186281685386880
220,0,24489795147974509772783566316920180171920228275305361534695318315532354710663239746304489073883751668780742304385442191566592
221,0,81821966041069196427174933095562159903101863864606413604942205212467399220844372495470821253920643703122342901672905242046976
222,0,273018640096400586898117449041525422547977258491810282101648425139245797088277527787911523539556800153381019721791011591066432
223,0,909778290084516365310525299396688502829055451603471779683842143152909235135526897671308368622464667981359377995564633495233152
224,0,3027556184236537469050435321875687050289030729716079237159049158547474049181764059817885994591307332889575816353830361975337464
225,0,10061528525012569069638556675260888947126154950361501429049448857132377938780182751164782592015003873937598947963913876547554048
226,0,33393419856101933963290387180810482338957596053576147157256907033407131466648617624446879782634854302894141902353357939595975424
227,0,110687791847656835689288775627837611872156842765728845306189007695904022202680412114215585762249748067385507353085773974475287552
228,0,366438809411769306816045142651677928092884135024755716954602660857219485676257552188287996217893798368671943557445234337777708288
229,0,1211682309857241557596340511718787328358096560651013946480934941001382972796936674021359842057189588454832839731622548731479913472
230,0,4002055578322969553472356499658019768241082734139926263733231070471824689461428724735124905127379997550728132107145151521999602688
231,0,13203898816258149789386964346092947086684943973045121390060611185994898907600197184096274944648244043456645849116906877443813195776
232,0,43516870170715159659049977542745028747670455265421769518164184601088597705241677690072686441838832503756378469693891401688734251520
233,0,143269447685278534958901900952431730668469103757749952775975405344579279839536876647931051958785137907962755756832307681721093476352
234,0,471178714197319622277646721755225958934106009834706331572466678049248093023605334618066174065044581471206421342163426554398238609856
235,0,1547893815132687913928215109505690445385906457828876905344205100833016349148760328392238623813682028020672157057135016645288672417408
236,0,5079252548497108302938018739763919747652803613807981578212242339844510039297804992863753204675963541095897749437132132060512405013376
237,0,16646971706919363324778921106037282228791665103495698568576024875213333771487202015530767840880661399789022148911197524843335812150272
238,0,54490034749950808765294138255450769567630965760627779074560304592101911772745190962529055896735619067425306980301686970357222993984832
239,0,178120230325891765166973938060251078190122716521008627276920242863181934046871022303462480318860582938210423349133905389386134699327104
240,0,581423164175616458776294559975321168393927327358452915647511523902386748076085672042938553046468117136388833091206018169700750971743088
241,0,1895072617603445610415748044169813983367427338860127702765239811944125222148245876754146223739160884638348865196945349157899712639365888
242,0,6167230157208147242822927903969856722085993639355898160703175518642138668957190810649434600251716863517020480245407019034093196331791104
243,0,20038616415432904864925367417394071810074270960959452368305885938531498171493316055031151464329800975623419890299320208207999471123168256
244,0,65005186618193599699022050732008060762069595251998554206616142125592661167962627035973471203483565728824567474527135269225558629009669504
245,0,210536514529510727151430970058366739507701318364668847226144700745403855239191810580094976393001429219530356486817415503332927154303158784
246,0,680783281510924786291018336790644425924671585641990373222767856014669959488773695376438976558945828382475429236715886122464781575753366528
247,0,2197862696698370354492447938136527583489979461736581726902545825423998560095875074003798611252884829809312304221508990647241127326916871168
248,0,7084583229573389142862824995667740026698208335752024565718393379951860524466976419405346319862504751648321814270111455951900345918484918016
249,0,22801512849909658151624021964839685898435985925205414029878812157145865288123485245216206589661854220616054933160725452418360107887596595200
250,0,73275991649098646919675585349717850633227397584440994442659978796233726381906206244757976211689797895285088007605634899751341003271074260416
251,0,235135894852075988863121791450772761688903359102763371327793020487812110983451380116405541013641455838482438694761756236304067634751496389248
252,0,753427290586209579301329141489292723093749567526942391657021395198334445817454267904893486741995000174546071090530404890901403521315197521920
253,0,2410620827612194437736674196442039994561039594341164539557053833241637340684735465258651335717855765704752314416006699580786767475099959768576
254,0,7701484702708612415916238144585581542843211320511505926311169371984729811265775904330471602141538860801534569838650422816148951861365360862528
255,0,24567631528920678362861041868098465314329429240959150722967727652691476194154960975312754057592067799583216316312740985502820204860959581591168
256,0,78248003688551888748328933364238100915333087509080208053056973078188642326770791702529793643601992829889180849830722805787758666513327251052929
257,0,248814431173468486891023494715118936808956370083180525219052844839774704924806421020827053178596635469517710867685004194041493327645194469421824
258,0,789834191291948617188158542810166800626129246916561298285038871825899419447536286026373560673316657964954142469725455947065950760252816217278208
259,0,2502743283291810681045829248499190168236482733761077322894424121280005334505458553915447854776273063426703956998797245235002178840035678487127040
260,0,7915470236040658473268355497307874367444739375401195022252845556184548228738106146856123887740291634886711774328563284127311864754302905898081792
261,0,24984879507926112937126528824843442883130209697272029926928753090917166801323038473054904662888024738672936173859077883614716815082539996669046784
262,0,78700944143893265193497767407127873631359752840320654911574354160080189449271090310340263460638479741957070021866263154523627475064729369561518080
263,0,247371915014408812440127778928160808578409260654765599940689453745384467301627041795514623410129613682893921211718287335123403903367544655807725568
264,0,775816737484171511946536721600966009247393841436491888406867734240934790141991177308621141555910626842079859142974304173676200515831842353712984064
265,0,2427630233003218148052030190751703786706986316309170546585567328647311237160363924998266974783516344837489586677616967472298760524300610878200020992
266,0,7578845846679290872906012897977906151831740753992560150181772686363794352169789638085751489574680218087198365710448584655311855363830822153031974912
267,0,23605286598885219103550527919056350870167255487788184463750837776182284951318949062378987908329869658258365283851704607165232725769604002046948933632
268,0,73349138968773347264826311278335464418516765768872749858854642719445568111543667402827386365450739067330340658979032876932010495629232937125884329984
269,0,227383192232228892741198062828259411343960702959035082044569483530666437037938048716275937360100679453043346217716137009031838413107843475423441715200
270,0,703234169295383081805725920339183219212057463278346109860708585284167106980014442898009227826368118570885669602578767244316694961716782160670824071168
271,0,2169807532735130778081154208812907200671843712414883913501244929361839100137573660001814790095996248516944814822276429599619915417318060612580966137856
272,0,6679163471806103623524838891859926333345851559012380136907904801043504751157108731281529325379683523463369610201626798883072458900256271634221644644352
273,0,20511570279422039443356261471167748441833737806207403658898527147037189592500538423803994907269039948156191090599339594852094849453498231183936692682752
274,0,62840891693275119952083645566387773047582652711154505852905959555270023126361188742130899905045364177299672441359101794319606825979539020679038373986304
275,0,192059273262575958691438814711813237639627168567504684855235933943013665557692612115124768517994064784439288637516248463327851825585459288429775764324352
276,0,585532929744104836894358670476330199564016623188325443777093696623956161343606669147241866569524642441954154048893982927240686502472458486077504014516224
277,0,1780547267761151962224466806184169708536647994742322395789985636991910849072193387289204673577872764484971918053134346768562249401243482901991408042770432
278,0,5399997868652981638354526598024807432557849402313719071423339820315268361936384720753339144660011584268636488447668926985355799178387992142997027005923328
279,0,16330964445070533710176256427958531555535912050028998144862915794920696123701383493596867416248763629819601977819773617087601885084750987926063529121021952
280,0,49242184803141213691010890951843614837160954283745758996310488307596504044490717563248217893560134522343582823004255998940330397829515364891998222576254976
281,0,148009187473176135757077444735233011680367858709345945564890676842914655605004779851634092175594651192624523664044440902520286385661524269432258957544521728
282,0,443379177463009121575502740672364564117135356249141747324495992095296655261391810487828488594050335289217740375783057441542101402902164459867917209038749696
283,0,1323423181723744403927154011622036505266475105332666669380803861067984766921802616244148760576772501234020318671888999106859093055909991437977130059501142016
284,0,3935087660821047929482445396109039339398032797374413228234700882052394335388354263978317928575218056656554447410880891191809170736367501005891661898450993152
285,0,11652880311737341647206727883387139388727444542820278748457821576930187673294071948734294629057653635249253308511768296699843681916305002419966841308194013184
286,0,34357662929398638284276318644842846693066066235735456354982093809155787984344837687657547453899765310629810379767346156761845507791156789388381667361579597824
287,0,100835290481891090415307196042765152877409083898954810776206638638334290714946218430748060044691387647392373506323469239711911663852722156477878467835191099392
288,0,294501572996804613354554081119915883855150467219345026403247216517872422154425357437802838004567176000726759799103331950120244087703472744016400592548227186688
289,0,855732333295502323358454736926412602222654033166291643963705207415047854714360139623712370262470987620793736723353355433045341353234762126285351713950748639232
290,0,2473177583893599268001514339278342252006617251741704411684527991808254161195133250394794113309155014473391905232782531615941535663599588932527857530668612321280
291,0,7107795472002665830198192767945418572184200276198429826001586699273758067473975643925023717063345995326208539808817405947789683289163659983926757765758341611520
292,0,20308415975193967834877289217175309561366053976668282362192347296470913271595675103863548440331821518268349066354890159746745204795897832260209625738309378506752
293,0,57674298708168579882467009477190942029374624903520369152490153517075642447412099319419315537955224421377017609720421741146773885724775299445196705203889373184000
294,0,162765348801077813845906837426267231749962362024180389385915947003183821699177224700538458281770466804981754947416512282675824129064892581151628543495685535694848
295,0,456381222749546624986755328170974004468459931805284540620377621647611289473341595331321625500995121581480367361164028566476626841877298821170082153497990386417664
296,0,1271150885961958144383660149931275697094958397217463164024252803006195819329187963172367203745418826395442843633457638137650374395565298022817299020195352226562048
297,0,3516346149573972704190038677441320469616837544356123547788850790085690025252863093942494319380541807670959511574023348275941178718145068314753125389607839675187200
298,0,9659107889769715275496362575910518632134318667381437713042187755145354774252442119531463086896059189266759909045192817797435179637602076462657975396212980188184576
299,0,26342847185742421684424001352194635831967686184803037872574925477792667430781831442032470962526315124813222166488238289762411856093531565639720574412779303383072768
300,0,71318381414505374942011040598308430859962138891553187391452094633673473134435876845166434201537112413120356908896860496411803661132740644354180083777113613991411712
301,0,191641275322679989056256506184397883503769965990590623239939432051584241969372748630283068591103138822056927628242435960069588827043398052976469717965583899756068864
302,0,511050414665964541636465807749274947965908527255267763853884706170270809735746096083559259880314342159092302720735677604857849083601807834044635878599662833305124864
303,0,1352278188142153692715919784093546220379252781038541556284492758112661473899809965465841089090499542553649950014865589182877507755220405309427065336188195949047185408
304,0,3550080664738354029437621949767727558140236656931187841632163397687841492790714173054289696725290648247585036209226115600534398968819487107107975290618842512380395520
305,0,9245362952843735009284785332755460115245732652414047601362102623992120503684651831493001317495880856334351555808478302468196052993979682551388068345472151975769407488
306,0,23881852421752396732651154511880986936417570969124422885314252066323157518134119858878989591126938999883541162140185408430199830478662422584476135015938165403207860224
307,0,61180890636150452871497358291859740183891568687507553083685690515424710768363304047840182688646675008995532156203060157093651725570613101221140398664098027372093112320
308,0,155422229320662617791498060400767771465303640630546232725634110912354751699295652417105649171913338445942666608589021488780859693382579478557127852939337106652751986688
309,0,391476691059221054252106478087389515681576474160861028706986642551043602596950833684409499833749656323060041240586700829256432204127000190880361988736685985951062687744
310,0,977551786683922922229255145470539998835009447977221502315245908231122269857731249329518694346610528568203735465596880119791015526349557379890539790311488043195532574720
311,0,2419690840633101007520176721254063287437806186315154411794551097046844188248595672050195405696289657082851581757181449279819579669222522181035778100594065722175314198528
312,0,5936228581149527102802529846402775775171912695797293498620423153032573637846860238919347953756478921836331895537822198690245877285680180546645278837365113226348462080000
313,0,14432293509259115074420015429319616204169866575758470282519608650721929106487505345776587232031720705621548922729292239922744072104820906122394522360789880446572503760896
314,0,34767720310228999779636374668002872525193151301083946628738214560742777984413139717951885971043870235518031280167504920429321351052727780948170088030771629337642467852288
315,0,82980080523733079997739963355334573457111668605800398344480677715711890353013759312731984311879011075904719076607574738020962233209856698928797408554174910291095068868608
316,0,196185640439402779261619852453051173882561580796739349424862674898750775603071883856957990636553759753555210328656517002161127558577019630163837001292420895182838745268224
317,0,459402504208311400958024797345963868254785474676400782746433029122942267129234290920735745082935048284589753466906384650242438722528918784208763163964861509126122125656064
318,0,1065337499775287238477375233542237075923587486779640464398901578096814205489566181724492278388920092969126621010215540586412392034883673825784484513833913327654372143792128
319,0,2446140557123794158380671267299706959498213044176044187638542358794676706226067035455187977003803501708416645980298380714678415104325640734025837913995121310853221433999360
320,0,5560400160930910094393842181953070243340019551956821387394575487282103886776795573679271725204202058162529597554475585409874376230399827666436520623517772678735629794672640
321,0,12510899093228951183190977970057264614621273037847598668160980132260533913278632810453636156070993690104213720156825040349301524029856601482697657363543291821029137601003520
322,0,27858215934658353061427211075055365839569198049684299400671331736183790053051398988671233278097700756144039182455513192236094408333516924603468893919354667517144572916400128
323,0,61379271234990920743494932638456538944279540886070886965636432921759314949472312480297682723977439396885903584556326171401221160370350552610652012831003964389873648675061760
324,0,133786351004865507040084158193471186871254388048688573449028166701450827220376631368236346315256599967205312478801237152486672771446849252298236569645566200845795186685509632
325,0,288428381335880935048911124519956978097326015161577187727542156670929036798619173385025117116116337603779413646025620506753118157127289544913444620400172571757660378627047424
326,0,614909138747672976028175731525334520277261213679403412967168523295069119775518843078376775023350009816646454447529963988457676087139653273237052052363418602138189616893657088
327,0,1296096454125818544044323544667696284348045573438366439604965593656978140383902622099453517473080829895486540066242670519406103109788012330640868759048529481556671254220505088
328,0,2700346532421680776574268807203075334047852942108630610789024467660315367140907208907514923979972704974695082619552568820027716506031317837758946738870885504871357542045843456
329,0,5559750915974117986618539356153436774258506511413118101420101744967612956670018652168029398754739755196763904019098394029717103105413674911612287801750477901212224224178995200
330,0,11309355977357049248516050793356268106228361980229618830636108212730011724326090038385414462260762893123683194885300255282641476730947639347190028316096309553393408077679558656
331,0,22722445069920569528118624408361098439844121798601650263253825791234997787141842959050440359513565011224239382898428176625532511120775632981854898591916071998187369428001226752
332,0,45080572521663433722438290090102078887560785976744728406536658415597009147733707831600524885612230814493672589165410215310953583553049383039023992218269179401853646664705769472
333,0,88291261082283755675044105514209888359078320673331110257776655295195420117618247480696774965116537472289523693278916171398376155198698793411638630547305776286237247852169396224
334,0,170651688470976853775809240625338692198752561225102924767615954605254062554820556873562623984956347753444558833319372208302834894196320846188435335727907218862550397287755939840
335,0,325410936547769603539862674559876575836097313866965162080109692512295809864006616099708902162341403133421893763487172504800820046964639448431997473226923728530415904720687202304
336,0,611983263780768869215787180217451962910435769140960865942646279207881615250266441678636388738706900934350270686543776057380743292721797755126824407695186482711948352420034117632
337,0,1134703859965207511369010967179763629315434119926218207557718689370164582925135660840169738780104521561045039509656201479920722593137365078154505199450796360084531084361990144000
338,0,2073494645307491016237325376788245846628182104756019382508803517308288646114083978964412384603200745556275693300484882818261886491296418860064721208682495018116655209373356785664
339,0,3732794086702077419332215807624758908373927444192531081831209950815803942574332241583072723449676029752857357387520444860658252497404483628385127982215142282930438991927408852992
340,0,6617593982285802221885488970149460637427456820246814033725240712093813248634705655490510211381339304628832676455846177822933527364613526917368163003072127303648158268569572868096
341,0,11548236076273722187015880891811553101564229438090336836728723143315911110742049533049079751591720496310079360624047967157784312357747895319031928530069879307000954987108632625152
342,0,19828261206212176793571049122468556465561966190803937889012296901096724124702599404811361363413499621072712695806386892579105671543820245573607086903536001647298516389219568451584
343,0,33481101938725084897065856468736430391028816654506656640821108208291208682741578644115218549543436487304563428511185560072723668180998281424400598442365492441173610024876631916544
344,0,55570139449661893528916183303067362770691914691598933742291790998381417963377298969504240382022456316279487478455826629768192654339729830445895764538577546438072476593499435696128
345,0,90610218290393409133517693074476280013409208537479809214110626405575792522020976190282611622052995706123662435655845790325260413020550822061712538224367181320664030067657820602368
346,0,145064066179428281091510274689590875887847127041099101197132566394211574322562102414045110822481162873989897713863121154687572182480421615294932074045134912381839949695445387706368
347,0,227890922441256454312372270382204998154520047221127667937334543266489374074924428426730246436900013989288872260735432625866140248381428663721448726852872018846499780089508804952064
348,0,351074575057130411304449566709786580032567530250252094187693201977141514870245181622935148282594605483339148520261854180097812721714988890696121817909428660811883713186978118762496
349,0,530004037384459816080103453069697182112566961907178400908792945382953360854899160064008427099947600208492325530520108564589940026234779674601459172325565182156726704990671805087744
350,0,783517319760159110695256252524302150606884061378458831101646578878276861698168547739549380753185727685994765913095838354595030045346674059583174526204954108843452628900210777522176
351,0,1133359823359451155263984843444716556877798660474656218441919299518658516998807584334525699967309448801328592104592382919461989465066439194420699909698007487053762449378839906746368
352,0,1602775920836870878778933934693747818997974445577961859465721422796037857604476696140221908514298670175099625928346497436734192574120122477382111241306649203810920201472426396090368
353,0,2213976357170198587033487916778350615713354668177121896443047673686346006702755064547503910376743938397692061685497451000672996013558025292200461399507896316006764573676117736554496
354,0,2984340351997060665568166052547382890828022184545604081424135391875991169128024894728799401821537678727140453938739023518595090246612951730833385476852821997555356813051072473989120
355,0,3921448081556430783998228162477698238778258696274085700706608394711376665385439324436363597616959335783264954207395480416805313011633856586383008042185720173997669538594778687471616
356,0,5017401265651221239228104040081870631702917235550170684736621042493899538509530691157609857310039090165003373399946422326220569198852083419054253744742476930995405997825906840698880
357,0,6243338053331387782817553965174320244280730189708239575597737937153371432435514457197640888773825363050031269065377003773902650114935158001834428283446853961182957509296908702580736
358,0,7545485380973040614461804875958902487206549956260750379512952883822144052654725592641888576443020838180192207765575329608461535179916463487386430177359420320603653362485254034554880
359,0,8844360350153975919058421721556960560671496645665181494320844595964166232298250854740635190483225842336461646501058166541704127263124844890761307116009385816732314868997218740731904
360,0,10038642724431661691090807053760529270336317699144233163793198931988582598020776897905878572120998813885941860206077200157311817158681774601232740318541173650010818059495672050089984
361,0,11014632668988536086818298112664407963792905200243067868202418965056938584007863318264268770309763380985151119451011418049250160054460532723034222176292031084256448112848867774431232
362,0,11661035841829405731316789620154164922970486222883986116354738642722614909183589585964374526772193704332837320019421326505570260871460372937668580943246315522582636479720396783878144
363,0,11887237084767556726795810154637338098108464216417160274765766991054308345621232627892307454787133225216906702032426315250836832847491335921693954921080541702681233108385989325225984
364,0,11641629174534600275794416141503033487460496777793268069630059510461522802830793374817968261236489895832049531533605193148958469752152611515916805026957981616954354694227231776964608
365,0,10925532806779295306969567089128107946725843303041680877594197046399142569693875804074923572493917983608731632804339699173969186945027442605373552380706037006611964922837699324280832
366,0,9798364240755928721985059772518095616080415347557542625924119273136977347751625399236325925695227379934259823225712226778432370165875244070933708005011180181290774811407510801481728
367,0,8371306568328192174710063868753474679729172326110975543700199338693754319012741088649203807233682947513933680475367519330610216445523297394313389119921346755364471586826693864587264
368,0,6789637011270625843352628316219876280378403800776621091155962047761261243259256193053572774497320345743595816084721232632801493621168850848773032219398762665706776848245652954546176
369,0,5207265582161062334053525430751417325229053132235031408299396146970457030604383862557372133408924107918588854770638323136330555576776326553991435687289546508243156888971957820719104
370,0,3759733263144321965219348595056789345730151711817735316363212652389518894642965122964944989377507456639119385189178620282912780305497347873034230054548615838621925282359824858742784
371,0,2542724339870677860036192459041893608678929827593957262692159211037306602011234850033642344374203258733303690296546346498794714384779874284386199398658816788591753671194777692930048
372,0,1601514726241072254967403423042607795399479399219655381034847335549363857159404487357871700069263904759473996823798469264063679729149397368716796594689606879116292259718841120063488
373,0,933171207154557148259083016262712995853142973546436748051687115380451287658460168329031234690871807390977800033747012429079640048003550427206577649804473256442496351267596760252416
374,0,499140428192168564427314555602597618502984809000647301885114354386563102731733760632271693555688927126196446605592441081221532964783241242120020568961073088412732574680657281679360
375,0,242853332689270266830438163049538853806853420474297514497677354712305018833722026878888604074036473390432211327451979345139841448452564127375792541715040250932449368860392876408832
376,0,106309279641657305197528803088174478759889004320753846278903107969441858625133501375842032294346551048481983707133391294511060626887629631761874306211373909635217618508544145883136
377,0,41314444951990719699355661433394179327236233478597988764790415332712482460143605117786818124099681901069187568317789777156803280081937052516034241676292441385261531068877445791744
378,0,14017720630648460844189519553076773715968271878888603940989312532052032224147991347860267201286900238830334580063337414250170483812547764637818866505596550975213362041736608612352
379,0,4063656731038508249674530043337120058942728114694401249766289654395974015557063726824862070699394840306744124095109116120957923230461731559902785302735638628614580762864540188672
380,0,977598945281449414799446285068587732470657859853366808125767458433500739615713038597891006206690343758890920024141978448597513436588241571958402409836892019685455152058397097984
381,0,187180563228075289266868495622860884856326542382073538246240494531409841632391607937348912359272272529313585781811850637613360977814615657186412567532371908975327587350435856384
382,0,26716647188926984494139460988592784063271255234423335047837931412147132313491465380947124296915641342627425380232944284272826623377929558520986665576055220878506703545945817088
383,0,2524546435875234773392941822095641847358408577578423014846425322184269927328013303701597326875854120256325685761832008517714007088798066056140132851712517779629822899323404288
384,0,118347804545786260247103133063724132158158080581675285967708431094626731421036950896758005812169781007771230255597840008706538303946309799512830109481561303360878864190406656
