0,0,1
8,0,224
9,0,132752
10,0,554416
11,0,8669104
12,0,289048592
13,0,2001983008
14,0,9174639648
15,0,6211745824
16,0,18594650192
17,0,27877920
18,0,20519037080
19,0,70820355120
20,0,1297021478168
21,0,40899855789600
22,0,436548950458920
23,0,4532875228200720
24,0,60979965999283960
25,0,622611227820236400
26,0,4425045508712257200
27,0,19055751989860060480
28,0,56164535442570762720
29,0,88515827018475429360
30,0,184042169672457097040
31,0,169178069578721574480
32,0,795664449084483167720
33,0,8736795529862202893920
34,0,110338899099888724687120
35,0,1176732905690428615073040
36,0,12068644517451878296309100
37,0,117689803494852791073013520
38,0,971072516368166996220262520
39,0,6155037816912080849884855920
40,0,29422656738854191066821685052
41,0,103170052311921016762484348400
42,0,276889440553215044693635070000
43,0,570017586293593839637565232960
44,0,1176961105173693659263644052020
45,0,2848322221423741811208239017056
46,0,19903112415014393399369471356840
47,0,193744502879715417138021740145520
48,0,1892324551600114901454676944034988
49,0,17385391615748596043454401462233504
50,0,146216002810463687333676635336958120
51,0,1066205021512055901297462499688250848
52,0,6462645685794062768821998339303214504
53,0,31747043664070083026137542879643574000
54,0,125690843771055182179950325374143152448
55,0,401510682784491999748265556407908734816
56,0,1067755372576941888797585526983389777808
57,0,2505574800632134251662307131949323090432
58,0,6638639855926425909732192309887948456920
59,0,29966792536274750782080365298872884354864
60,0,233409604747552033987187427696040423501464
61,0,2028916126566264721895435210267386936927904
62,0,16969267782600389269267607941693433367579176
63,0,129937068853297724419360385697407819846752992
64,0,882879220826053357902632980010151477120351588
65,0,5187547293243476339452246239941822267019280016
66,0,25939845464630929120057290738226794810816519184
67,0,109561835133244921667134381041858861608725749984
68,0,391654538783198648948424542828666086769455754200
69,0,1199754714198144189655152901508193426980913476848
70,0,3284677913767442889930488826619993315267171238392
71,0,9095692244731050025059405468528544368192264442528
72,0,34296022854859274396212835375284772808293490354222
73,0,207689036944770311831678870735535788616345152550464
74,0,1584934452665080920645669877147850762069482218975896
75,0,12182377406188400678264753967163027423286223705647136
76,0,87338118493016486210659953232012798530016784391607788
77,0,566110739341711207695280999134563012732167407384138288
78,0,3258091027242410915524481201520027339874426612428502328
79,0,16453379345120739804910705404288758138942733336516079760
80,0,72477260867423531516626987119724292945810349599427965622
81,0,278443010052492359870530243447069920394315854631417344544
82,0,940563116750500340204897362765650293025311926091053790088
83,0,2865603322894125465106230539778723439213271588179102528000
84,0,8493503541657625132421134496373505118464737050252979703096
85,0,29391080552985384069680181661390411268036370623113341579168
86,0,145251571224957521536080033280070178431687435024346250615136
87,0,952609648836302612255803620183076803843806248116671815388304
88,0,6727878367959444748915016942676673380293606532974873912859522
89,0,45678463984891684188079436260425842079029315511724490322036224
90,0,285943416557689370606300655074497690015473062888532999239899520
91,0,1620659897148197992362800546553552836995353414741651086778244480
92,0,8235565961763795015560044299822641279742115686203326115656913268
93,0,37329545848776647126482365036209676877014538228520724340268422464
94,0,150812370047141646177428660318458174075584028484231551165860182008
95,0,545822714394818601085178405802532276935756012689378275690388851888
96,0,1800017598485295596673805068735143791583712613669618311383966631630
97,0,5669831614031341102034290936588584178449432967590701430628493347376
98,0,19112310599030007826397124490384624074505953160707102161729878583648
99,0,81480639422478833573275020543628266970407373942567400175363082199856
100,0,457484440238250858682114542457451808863400295531149979447338572730308
101,0,2937090309918570530408196158346464650561031532959950546032095970734480
102,0,18905972066777432721293048627529480069594908353819468686774552601794832
103,0,114839517428133498367856270229603703925729808958237077210631513387390000
104,0,642659111949058947279928118925170517679570607631832930104804678988565364
105,0,3278222667403994536100151538259764159800080459101967475617738140737338016
106,0,15166333862138635444492149278350864855971597776694001492063309185122443224
107,0,63556713747990601259433698902776362589012162574319235005298023497626823856
108,0,242036851586776441902389644497870719457880723886855889263737209234963093816
109,0,847244914967368334623330510543948418466629680859225430466665860015874470320
110,0,2810216414115182547055296385763720208449074339420936602046724488563644089776
111,0,9485693287095003105590442679379516174802311288724761264019700928221051586048
112,0,36806924052010879432213275891383594007455775380226169481566606934723623286256
113,0,179101245553961703252936703776683735855904558572608139152561507948153686276464
114,0,1032505190789803608215928403696064417796385586623237097646069840002520348728064
115,0,6254989065987333411145956063602638787327453076603983212468748912599984140136064
116,0,36824470622531539547221722399656145364911449308171786847604206958076604655586556
117,0,203438982277284111418504132950532720514507482416210412136519906215298337271338560
118,0,1039429575563377574523898834750110223292570409142565795544566361606329698225637272
119,0,4881058762601700028482828299794083476982883374995142721582746046847388303792436256
120,0,21025130007385697121514567516480753310736865902815649193195384141727419276012181644
121,0,83224794928092842491488305350453390451356916732885187806825370636406032973407402112
122,0,305063432287577412973965987376801967128467771324566865787631651943241693886249823616
123,0,1056267096147631966947824472269305055990884798713072975040410952171840205540408190096
124,0,3614724763684481376423997334289826231517008698977922931172012758555577710317356046660
125,0,13290239168477056999912030580248301293356839333299790730911265678266232273696018622192
126,0,57491548701488781644667610919148847488645006669834263772388238649703656743460486027008
127,0,295461270611046431038786492696609490078139168914541476850276282880534128687309586347376
128,0,1663400385426335401906618580454313995831708944410922993070019226699587579596644482882842
129,0,9426231623379993350020145937923994414003573315957533938508793199069763007152573435563408
130,0,51243178238266290381603926448449913049727977357259724972719469528416740524546566649893400
131,0,261478384689135194656147288538297873683291897674998923358645340855961004121896708834851424
132,0,1240886132998890284105180222635998567098365511281798448280202941826382944766523505321439704
133,0,5458375706465461268426421864756659928099385409900422049656500045671911202795956101577427824
134,0,22264937378875541665945371054180078420897204577894929322333979317089149625851662306448354400
135,0,84632814535086365038421000763081925158775118832406955000668880878760237495598186022939521552
136,0,303692918451956924649540535413887252508299920016411004073929668764353277264749640222446763892
137,0,1058842591847965915120019889903866737473704609496181169866020431186549683764254547484656907744
138,0,3790201317717204445018250505838354243638059664848185726671404798283522649667734299689638910984
139,0,15021787748201458414911296207823593454399070003116981509434192246463812820080269556694301995840
140,0,68997922211670840256906979613325392542531649471138230707380022148707496352604432335846313920628
141,0,355955176306576932201310982908829609104267859606362837695121288051337790418109911071682640762832
142,0,1918043569429986076603800129616772462230135664446317586067021477135994909310277239045673513796144
143,0,10186873360257209890644234963433574126220321991816276407291701507586146072345976365379954776747248
144,0,51674650240680473332877693092256293236659301571971815132958568246484373998792632864796916389623717
145,0,246758126114733677852925871712408736349978026107280694737247310262926592843223168896244528590494656
146,0,1102656292882433306037422759053669724342657457380013735413112118267829511124543599866280238133265616
147,0,4605020577553560129058634901448647078764426704023788531854132326389459222533564462920169200215159536
148,0,18021389162604416395278308033226982236886699961763492366618824106513197429880070994463420305758890532
149,0,66627695203984645478925232448544396185220284751744408324673849634899626279764182626773178298538480768
150,0,236985501866569662069147079905307015833266832318822960376939813478706428449035034953993929690547474128
151,0,840125818219766965479825047438019145956720074417801438650050845937728510681997893741973083669862602064
152,0,3137678744884742838657702468787009613597977703055216985526604444045360461357184475059412027308910626674
153,0,13043566359754162104008091355394233022759042444384902995615379264739535990041472707883074949371223478832
154,0,61011442269175748962535217115237541522376767014763521613460694518727684847629919545088859858330408030264
155,0,307474593452092846782809679102322060887139560760251704677347011938524396814327123689700400503058545336064
156,0,1576070982531250821063423227889295301996865484839308111529462464000204947371243648097124731726907184690980
157,0,7886998796689287527295052707524645264477379774249501076912546780354141431074465974751323248282407094693168
158,0,37690060544463300863318332988101497465862177055835542210737979586427994329264923012637673212948085662111944
159,0,170240395957455671892292011038032181372343695409212973382967704776587918245154808267252491349038121904141168
160,0,724048302592386195812118201917690092068147904871412837351220513501318661031027493486365888443779522542472901
161,0,2900690161974868734755611403190727812049109891291448274852423056442142043095221896557452903012183782997969840
162,0,10996651305824792830857948952460461076334052091022929270955112843325169001549386096804933431216256871416372696
163,0,39887167094815813427082774827749032736076190177078289435035754160176373474184818866490636990780727787459207776
164,0,141487256438791112587630805913298091001385958996365369414359314182254211053029063793830923050106673460510121460
165,0,509438870087804264513111875785099355283185315987561824045916175506081272569618804249978172332100192802410289648
166,0,1953835370090819255446037201206510831325876469096222287074570284289231371850288059597140091517352058789819906648
167,0,8261371844302503862698254530946949704692775278142901066492504484625996199191722309089765789423337153728938640656
168,0,38229080114472180894001755057450348271954168995738612662654083147123275706944144533585453428806613134613906946348
169,0,185669882233611511276824951067702555256865643209578248227993444478226588090373250948339162542499930451576145949776
170,0,904848943807673476188524676679830282461430860238012296278332101273135442825493695041932439322312783115016385626832
171,0,4290963169181765277023144012353724795613690374944233152560420506277818049151486979984440892214823089760512215108880
172,0,19471683403878373286276092212865534627965020953024509492064950987210087848036257944726008119363465594732267427493472
173,0,83895649708485502352841645222956234851698396352445236641027206825165803817796374519680929781400701556923871832398192
174,0,342378063827750224696504560555205308215764310790338344893091865102645245463594928805942716651132276371051354609003160
175,0,1325452681476592850194412049337671769873648879787765927117649501332190815729745251453062268210171404774702914587847520
176,0,4896696427974097426416830918564813546326312812113548291325606949290220477591559904229331745743739763529585395096535011
177,0,17482945216594801466393491138156719845086360538543731262148016010101237475878495010666277781839772486783881429024914672
178,0,61720708634416720280254544723550236023017535098058852912449498317664734071295471986916787152376369798713495539147664168
179,0,223084842069223925477268999828346905281375179924863858207345116726704085853200998134229086912797901658637980934502473968
180,0,858133594041507196204823204583731696637536704630943050801444857226984015754269825002397365781260468759496494676102422780
181,0,3587892657149314390925805052111305548447931969720355018935448953024777969398468253269578001099236774145133634925572327872
182,0,16096842110591326591260837788816365595568853609110715278535167928939613508850282243091816408291960821143056076804004065600
183,0,74754078358938644526917505461649927283469780966464383759767927996903313992064573215381125736302314888260440142497274408864
184,0,346585804405777232317936396755761309768223135340255581774920886017544390115143892824297392798104344986283125917501372294282
185,0,1564705404046624280083693645069620710070364072104922220174808429172053321425387028613482439163945452789328607157142273348896
186,0,6782948942004591257564542129947334711215497346784092369848514995923177811102884812878230426592798645369860169816139781691504
187,0,28047873645556406472525184893180538515971976276551096581972677438920679403663016036428714889432829052792233508438946320921152
188,0,110426319951088224858841993358255870731003652311912956804612667408212411032093038947111371497340213078076121556094224512295000
189,0,414722327974341769412423656985264840914847717005009105391677537190760538044174637698205472008294051230553464873813130847422304
190,0,1494905842713245952484576037715062330978259324329233360268940012065106703210109522936023804231940203073792627530563059474068624
191,0,5235282350258833286091140945116927395244981980520651214026066439647091604609605494379328848591762679924341623282684218827756304
192,0,18187334906426123393476073126186739463791958300542172160984641305023874442221481991506207369739599779131811598195410953533808001
193,0,64571859462203278281962554342184247449941150688626095613291847686098002879406270638401210092033600129187947767830095407870968272
194,0,241785569394853199387622547717102297114893789079206917398444535645682618368458986386346796561348788417051646085430735932141477448
195,0,970910711533893634119286234511605072284420046417708171596739028581461800286430057434889600715069859391697238529209441370248405824
196,0,4140163514268680861093702226931983052911391758208156136102439965001914728347792119800949301428217653295019045526031512298641341204
197,0,18214185786076703256926603726061464567421904173700669896770427870778968857093879797335783002367597230933183923238306336356242456944
198,0,80169129747834722302596634616707304650731033013118876665497512255090952724284794543558755595557182212410045064068979568146951795864
199,0,345134098871126059416504535854520611622465358084217637875670090689141962001190010166862983379675769749258881633417630808570549187120
200,0,1433754442706339356672040731516892798228640133194270526387441624806980292900984664337414654606513637970890668308451875004100916252626
201,0,5707999740094275497224171965936049156495842716990600876120080663113154058098930899217701741546884266815620392118580464462987764197632
202,0,21724843802671443893743606993977788444262043387271093920544633203029574940547071816531605728189107543098177373918829705241678866346544
203,0,79119642871503062570408301929927903009214921015286417897671650850171146456791651654759424392635261542955271655194424633050856340624064
204,0,276906318180775494977418016552277248830677423498339659155968441389304727077658894373043560838940171355320057162713405778448321562717540
205,0,939546876243705542717410251534250341840525187081958852222593211752283805309704970829756997472870971591798185298317580471098033758250704
206,0,3137507564945616169290337105353870402583414811014352003433133859386238285078994052971752601778525810119012481936190987420799354745624232
207,0,10545565565458976750083699458249220712589050576585737276856794207339050720656430772694675082264448480716305366329540273745740668615503264
208,0,36644113209257703205578830642173815078675017720228967783053291963773614460242409578926070702167661675430735383001495915824704599656649454
209,0,134443807043417771660604525739138948430311484843407533699159599263047891591525694651069761299536239677127886539439790435469944520848256240
210,0,522442863961460073819272988991209488455055520632558002361636211607388290582237767194222763785691960645629501257730292107534149830562578784
211,0,2114413169120915822970513579194775810766900464049203810558961729591893645003263666000318464154274775931748277707138141283190842066609645232
212,0,8682362564605801604429204483323605368405204361434539776026268090011196569022284344202052126751108388351542150884080713610461907252481031064
213,0,35321245220332971876595573114842185857180547574917355130241204298144750575143520027310714949764460178093296576686874664139766856429486671728
214,0,139997188183969166176564771026725605485187803030478706427459984079198673640081748401681587711890141600326533284409404174323547880348191798752
215,0,535175284975682409052903877264446809473452377183416366602221477471471012768936382086581841638421888340223500329988170380094716854956436552320
216,0,1962281020022349405830938971652997713306986729931745179020791944402968380753982992813193454989328022027297565535778585139749108449895968259326
217,0,6882110147861867319577116902262779150920680876351710364688901336528956025176960788300414418257167988435858336292797821951398816032093846586096
218,0,23061527622524562272731623523371759140134032630782234160312699769331539170594079542179286647152906520767894427452298491867028973380003736549096
219,0,73820618581589987793430768336447186875728726378421602521192527774433809117583033160692082766429548798601898141163454754035802046607320893393760
220,0,225811930000906744058641701943140945143452779147039288731835320531390499526622931297879776850978736593923848755027467375361410809578508272881776
221,0,660538646853959275771024663109103355408738685207064354463093070698881566920978991599799227989474844419519497266249585464012751483387998439710288
222,0,1849385161594831767784725782577350853080098416243868551330233215097512269549510496640392010344349210218775604378953366781054020086533802896878376
223,0,4961256230500790227028137020699456566110556849360223902387380648280971461862972064953626544701103160529865825465151070649818375606329489772094976
224,0,12767051555375747262296773558694725643276311646436447212968572284525044619898797091750208737120720042836164732362349144338369542910823827509161090
225,0,31553885716984260189181318903712200087143350647493338696497891347941999590350428090649738065489244254929779585033438307695786352681846833952921376
226,0,74994040574889844554396988359135046275705729579479321081932859361097256271897034529378811566174941571075160140983146872747025580888780430060470648
227,0,171622145220236107298057170771702782151161634866676985635206599801229865893834769973456753550183408579259484002061199431421117654270677025181723936
228,0,378669489399797044461349875380364517835827845070079480281349564174208397637136330496092325255407075085787401855667604962092151974064091641520019324
229,0,806597999542490129068133716906586362413903541716889665023215041234853521185879943789456294957199754756303738995762867499423788873035276306416324704
230,0,1660849796021489810608990594082503897362352318269548637025345581660963903853780989553882844134555947335126065547054186139488620052457640762349339376
231,0,3310087408098445406947161544759735827127087357645114169132293268304938303040657946506484488770638699868635429414751682852497485317486208379852624336
232,0,6393417740772005309804449321790409330993747291828038688151379419260927213393083343987882265718254245641498400156381925488009665328623236286136461190
233,0,11982445997027964338058861771846727836796041410523267464271954011450414133770366142463386457543411145387213780102005599572019109580242482016711411008
234,0,21816927094244252184495355591766015503317097270239219866790432972824404015611978843077967460976240707415005317905284876500590003047266202358960421984
235,0,38634414208095581741957214339412598936813436846772313554295802076014797713191086134360506488743927370541856127432203270073573285203653556683124194704
236,0,66613604247590219966942377903329213510675556901900747004782546236443765916985382180879129698957964256913344975428616922287739194966319796036245240008
237,0,111946653078034183684847737268225227677354857438441603154497754929710221154254640238295962832230072647759060002433650505621717004257652624605848011104
238,0,183546852783537754701986263049610406249351160053709804603900909685107915968747995738141398120791143835818291919134110198037045889713174563143871216256
239,0,293882356261679873083177695312184505237866782724187344189572910862347516407066102974409334109344149682990216609016973258694895659480993674115909570896
240,0,459907914187635729196104921509744388887848897045286105871240938572804026829654433303530504767094607709476304598076596336450666265676574397904855618798
241,0,704034129776459251727430249486076616174890617880032993214025356428638695558741098996117791247905072576939799640551113827659812164955772402717533967184
242,0,1055058941037631506871877834680880042625838066194295790669638144368010712202382981438976118275218679962171948804466030277231489956639146920855995016800
243,0,1548917491019125003120686093095205142202904818030018999785344219601406187159340431806384840668940607849460509970498762876042354806060291294299466575552
244,0,2229168639132245470906969411802518990230363269413052613647474394744194720722829485058355931829272102296621263357950299477439472927452772036244342283836
245,0,3146915048726292347007675628986430780476018631363327837824175275665621692649064101269837674315158249464696544568893785853860729075789264220880832220112
246,0,4360297022221444841109617723156929442173642910321721737299722801778639641805784324926949746448770807151122603202900627244972015820663635032475067982432
247,0,5932765674217830905635413634602139327925713717754181381312931439924240484112298151826975934736598678723186658882505176235401643388690082908453758432416
248,0,7931339838258669632899420747288984140672338442296247676601889555961716209687591519549319170377868724296210132310782461501893452583924170623243467242014
249,0,10422196503304153309116185514057253387914351312015787864836827590289390411063232833325463816711711869558347954759188252958883362952367574715027646264624
250,0,13468643924613680020111100227513769795787307853426970204081316908774782942890864615502759578991361106727564799818204733085713441818556875036256688671456
251,0,17122242820746869102791713655863895982449257102694460892532972966531044786378422039817625030992091424318959554389724034582765941478261626021746361914496
252,0,21424426987912049448659784075464443549440848122828990318670472268343174468663222601232908579359615332033405994737585053852755262349065793514321924893920
253,0,26388589508777213349435753577614117959846670221924767700414844985109506031184979440165999722384484821677509176958878966644000328065330167923179362726112
254,0,32015804517798768474183390950145776008499949406608993249958681110736451591231556614071903141415449061781036752382408484235684551991868147528499032557136
255,0,38255359731553090025012550462964797056991020821893375441461398835925464338840559254805329113098184013082066165269616016673276780419487179738878960251264
256,0,45058531686668252097382090209133614280384381960706830272028358285899114213958562137228889524336015085268859644990424703775250036040845006454072012688547
257,0,52286477257201730647383297703645466285979378055831195948859597384146147722030097178650857286902939844337179226008545888754771506949983900462762122833616
258,0,59852436746041512733588073264056185338573604851983427362734983285798478109064001823963128595905190412466890495487285489690120198041085160510760162312800
259,0,67508779748059589868814731860142557818326937724581513979013314623202936073063009798162719704916625973939713571722027800036925822739521482612276858555152
260,0,75175982214748796234048037001200812310340229740144982279846633360108389199698534785189002549872938468742354241774642566787832686687387248135217037612676
261,0,82475530794674199397516733230601953551361840156475165562113373046527644542018935531713594197630988042089139425563733160543773941984795034968010447135312
262,0,89423201767755381812412664872326841442738923088953262275829533379500402056855458754042510058857669306546023398771632192969688957380199217307065413393328
263,0,95473625351872307802481491603379877119497482427684239302737553713294305709540456721178046806288112180882140685817193769805714177936068810232754765347040
264,0,100872045684100565367689090062628424726769748097412620231555852440935997122657250239429765183061944369846259835593344166132209058411866158547153463256516
265,0,104838981832310814302833050053677322103621305144057412495949072651770411667532038991954095555794862634803105314708130110169091472010720640559644998392848
266,0,108024507795864896762924371908623920468148943958384164785502556775675093690830478498878922296048314378491243049583109133477562822592444209908175112979736
267,0,109301322788561427971591396031143607359366051298532866307990180215446984921883903502886367260184508048646285329466525716733934213554907438373744120791424
268,0,109926251911311102992556632673823361025291284985732713511125557933932276145087371045417670218629011767428745471051088446356271730423054492931843607688396
269,0,108260929415444828949207720713539421711146302204257052423813916884017399238544574322159592522466741910126162265224533060357984389707057786983041214829536
270,0,106372393619264147229391553469260804349975801928463652894741524674094600820364559226297880861374917601423104022272111268810119369634828130453582247768776
271,0,101915903675210931054827665207816856943424723513896211886159002121194995640432659945630849341148239797598726249516136452974186040299480566460778014461104
272,0,97939256209752291345815412896273952981581060343176545941739488313803389260723639740230763089112697326648211859454902491209173096262826468555754659495760
273,0,91204220102055109803438823984097607613724494961500080543729192946365663888141957037742372406496933669909301452374779381379923040124542443439252547347744
274,0,85836979321773335032640812623465862966009518377843412711794160842212845066144485738468547009171799999044854755236118032238911302245636843052249309471992
275,0,77582709725213227332664557023528385215743717151748561048968905719315357585704961737633045455939087243730155355509966655201579157551947975599853193169200
276,0,71633063302604902989296035986293093457446916135056072583546386315562812609323460073456562694647758339637706709734831229296090609045618961560740571595804
277,0,62712748318662736452286750914550154023043768067853124895105257685505876191700038442793789267168619226652895257137322422186897445413678855931804130084912
278,0,56931335899470320889148922644401393543893934952595350711007960874927924640812392348602098762293853177572475161074325965813037930438436062644182673723792
279,0,48142944679504396153038011485357563454357003981203432784491787685470413771498653973644780384388283362107017186947549723497525728984718870797362075997200
280,0,43093500466097802672532654842705922383908519804625215276058628660696196599212537308552755487367051029541726157316578022764029333252928086677972000506564
281,0,35067955717427118141374531767540867688985073012457755611004889785571260245594664706493127769380128249910505041243010410112327224431725482560566091478976
282,0,31064377594788659440302851314248674257810151420915438008830901254755659887439935521416070696731948778227729839436501668077855978296523598277372948642152
283,0,24208054216715869548727891219437562003580153455925114724290125528554328103347678721083629954774347509390863844177258636024599211161328164028631259722080
284,0,21321076119634474102367915850978417179697072799138828592755041351040100240742221419728151432551898325847738853300990194623699492660658321845965203776844
285,0,15812080552934174139435397151439105114843952829908780116716838746571113503694558769095750210686050514924657617348644727106626678239896306050096291252800
286,0,13927721992781395034230275603353681296344953722085244838480100463831934970841476030368237785633267825357062010005648708163367290896181295943375024435984
287,0,9752597380414536572319175571118619925588635766621814182155909969131171687639854906251221630028097827599839792971557236613115464860123941633884135174656
288,0,8653797068831705551613626775604092302114556555329456039783564574595829875867921376305768982540429495112801202054616447933168712109741062040719670199370
289,0,5665800094344413799771905103020526672390424879391379578201676257240539152547076944627309597883643671424885965217915952805742109178090542349396451222752
290,0,5109644835641357549276239870671154899880134283660434028722180583327181099125041539803915118791861166895846120041638543808917275054315481786730098662344
291,0,3090768982929940039294792451604289834836143122206444601167919825586615479768271889438433454685725397445617203239735487486328585770573730265113199406592
292,0,2863261533132306831047928140091772799068205486331507259879991109705510397523853490818922620323759028467920698519463845466394857047602042325442916730888
293,0,1577202812730344524640321301780974108637982207428133114342705596928821776685571803159152462106922468305859041123533168807669415453579537662606138149072
294,0,1519910103729624037469948439575995255504934415651126477181527708427641726348463942372966456208501894627322101518988602791417542342377309642115187240152
295,0,749383467484662694855571448452325776236900591276182668558413572716122049943264824150226056507819832512375751422341566481129923219800608616250038722960
296,0,762367907240174630224064287217553430672674192139840154042698129713645050292944715554682389229653596653683240918637967456051694663528708684361688601008
297,0,329631289010194237233412503151555895143497856831637513958123112718489415918878489508516511893747312320137894758466898899327018660853123527576705794480
298,0,360102314920918937355789422473850611861634309599267247495436815235767636128930012552796589057238789456337062567808175053427247863508415154275876180120
299,0,133280574957260649217980624602141782320618254696920066787880546847702756524603918050230003279449249767085827812407194964012837088131233026152931700000
300,0,159460929238865775001249150680598466482653001217452708171210793700166680331110452172632804638836103717955330241825024741456488278867826143331064272584
301,0,49092272357629421454182713669446896554673250193009698029797315850196336514874807125111917666283361167088499019595605776180929650696910234219649283120
302,0,65813587284473589844419090072146791254662727200205195585362026580678728780491361454898649947274471791303689606348837158627904421846027248559917924600
303,0,16282507638478447069261399464115747798943767945867353770864519420629202440871131455635523673232373685680269439346424277942069607311382635827621136960
304,0,25127341729032940392883451809972335956283190299737776196941018644421073750982235451343801339042494178318288695267834650888821348584874713963451859780
305,0,4788292890263743829001093243596157917861145765091836103413180855662286637543063448749056739434846132937745262196381166428407937125580241612982091280
306,0,8789322439271852029089120309026673729990451882329304467893883067707327191475323895759218992022395040141885331024415452364335742211720137924913281520
307,0,1221953559553070799851343856422798967473622316903119831812947600884172185951672549607971178402776555727168258674367045741202459335986568457379101040
308,0,2781692864856298781687159342131846758265751495678651859699702508270399008527130063134698460447190488538827341566067888115240266671290969835604122688
309,0,262176542362002464811543918920912591012208833710100750829436928638945875589137662649164865817341363201127192524641977943032282179241221035884784144
310,0,783514496616605493250087478365543886846315374143163835627554094576508032161946659364827416700695325276844061314656824182450003085532953906452348752
311,0,44938005278634342066541363006137864627832011741482043234801890711202060198043414604950908702133754307699351401922902214150487371891303993767946608
312,0,192003415246095042017851374594959082709949409890895584549978939601458876051777275431061333721568019625071865760066100343361623044518331045498101864
313,0,5587449901049830454153437287772853802566641852968058086221796108054064109109314747396916771683469615975071945891750368306373828870754295809474656
314,0,39616265595480009323056504103346623286056099334412354717419857666690074349789390017113993914587531721667377842930709643987960784945307713501634336
315,0,399376771459919095601312491439732095740050707519101138221525452381167528263908058588633209643275707745286892771862560046135588827290228103596768
316,0,6530475372298286334017389903387563192694964775425134990535851075680415063728242524612001718081934103768742001596846780504681892259557867903202704
318,0,780641527628100845263224919166150132187307784050204998643008651071733117961763648000753545230801263961513539716065474310567473692649936799852480
320,0,53544360191880579464125787041561426266907204543779742872280304041540164311695131062473908456007612905328340649195226378391387104712724966714241
