0,0,1
5,0,128
6,0,208
7,0,1088
8,0,2528
9,0,6048
10,0,23520
11,0,55520
12,0,205176
13,0,603136
14,0,1890048
15,0,6083488
16,0,17465616
17,0,52688352
18,0,149061072
19,0,426114432
20,0,1228994656
21,0,3511851104
22,0,10198746816
23,0,29259396064
24,0,83706897212
25,0,237523629440
26,0,666686151360
27,0,1861799378592
28,0,5161696876320
29,0,14265370941920
30,0,39321068443376
31,0,108100010678272
32,0,296514781014232
33,0,810361046743392
34,0,2205907299490432
35,0,5977687237747296
36,0,16124078282652552
37,0,43309138865752576
38,0,115874771861636096
39,0,308972569314895264
40,0,821299659500155648
41,0,2176674256369610336
42,0,5751710700713571024
43,0,15151520483840546944
44,0,39784791035553932512
45,0,104121074538091645152
46,0,271590020528999757632
47,0,706107589893053458528
48,0,1830031446069940551190
49,0,4728620382874034587520
50,0,12182829363576163655104
51,0,31299186197763621314592
52,0,80187084151793705439776
53,0,204862646135428631800160
54,0,521917311583213091010320
55,0,1325913480039685572821120
56,0,3358948417681441219289056
57,0,8485447366979038379621920
58,0,21376935929923977270190784
59,0,53707616760405794595645344
60,0,134575749228966754956084616
61,0,336322586536584867155950592
62,0,838332898400867070891889024
63,0,2084280372921452611007210848
64,0,5168673085923006212102634844
65,0,12784615138736110950324828832
66,0,31541659081921297491533045360
67,0,77620056788098817330577391232
68,0,190529569718695235138344313376
69,0,466506994920440139790060825376
70,0,1139385223252989598858499522560
71,0,2775932020501073549411582460320
72,0,6746538204532948806496234601340
73,0,16356618715921063623996317261568
74,0,39559543215532582101455367207232
75,0,95445989990601331935540569120864
76,0,229728854319681635918092666385792
77,0,551604105335695686681301607010464
78,0,1321284970570557405321821497356752
79,0,3157374378803816101202541677070976
80,0,7526971022817005238997479908174048
81,0,17901243826380357767257684142932384
82,0,42473600267932953634193452046537280
83,0,100538294466394301292507841549004064
84,0,237423414345952998220701031190917944
85,0,559367844690460197340542475114137472
86,0,1314786011810625589261878230057059328
87,0,3083170555778245350605953909147417696
88,0,7213166617904723241570837606382377936
89,0,16836092707284585613035374031406645792
90,0,39205285916736576252698172114249113456
91,0,91082936341836303249374042724099464960
92,0,211115252302168130044707515226276944544
93,0,488195067183141020003545640660731541024
94,0,1126313054969587930525500300407971205376
95,0,2592490901136610964099237527097240146976
96,0,5953437703360591034208554595942732093993
97,0,13639879056911298543712965602844338209024
98,0,31177746073424780581063552426138644907328
99,0,71099984468807461260066949257759894659040
100,0,161764722381559587034619031010479258904640
101,0,367186287945585297329138376536107379414688
102,0,831526573511757689666523253471926214138080
103,0,1878674166637220047500206253111021088373952
104,0,4234585686533911763074887426383945485744000
105,0,9522540153582153767256186804044676178961728
106,0,21363636863680937140414947785441949485204768
107,0,47816285919531308813436032185082651102345728
108,0,106770744539660987741387609013038265674614528
109,0,237849200836551968084708055638905959704369280
110,0,528592582314940212784613213204988760287899264
111,0,1171944611799532937515815508864723430365392128
112,0,2592126951872181452359144539528573893218375720
113,0,5719590371656067912370039350205145476384676352
114,0,12590100703315099524444212625331725244906032640
115,0,27646811868376143818393270428007427967688894848
116,0,60563120057783637072779572760894268541254704640
117,0,132347054498210924506949498362239289072052978560
118,0,288508388402371664924168560562225864629825817280
119,0,627387304083924135491432708833312420150229757952
120,0,1360945776259229254862305040786103421458966061728
121,0,2944883606225964754678971280043747153943987580032
122,0,6356408080330587357475945407690575221301031744128
123,0,13685654021079770347563844864910790587645648538240
124,0,29391587409747532583511198067172052244760542883936
125,0,62961854917685736571345256665896171118434173130240
126,0,134530883169009066895963048748861751150980551617664
127,0,286714218128389111925288544568204615923273619044736
128,0,609469099092143749125048185951992987387082858999006
129,0,1292175611111645349207017176718310336042316951254144
130,0,2732439875350161366797254122964166500120875023243072
131,0,5762758348938915750844975684658767383655819346909696
132,0,12121379607764305717458102319164266300253242140029248
133,0,25427654412074275790437516486083077239639094919769472
134,0,53196556867448102221163906273217188250099738198495200
135,0,110987407328308796133179490239675596841687113625972224
136,0,230922602825137130851255450406971639320313194443014544
137,0,479127326656096970846823064952168256465650649901744320
138,0,991324883694999348742733731166504538702953172620652736
139,0,2045267178380998859267480226052791899707958149412705728
140,0,4207664000193395980367051108668898961312458739133016016
141,0,8631307065849384338431317301501678939362317626991006848
142,0,17654022812053750839829125719601401954166320642066392512
143,0,36002197068734761571961237094266189441161523733064470720
144,0,73201271519802689323118624294217523726438914707910658320
145,0,148387768256357190382432541482910071291569485078919813824
146,0,299883412415667241930807542903267488837533163463711294432
147,0,604179631864912857277559587482385066568288036629734007168
148,0,1213452712661852660335222571306935715463973365416168580064
149,0,2429439113747693399746916289345982590917002721251970929984
150,0,4848397287715041768588745476473569136443095036788690841600
151,0,9644537402620086953582638864338463312855060156948546088896
152,0,19122161554463620271167894858448121376937447379784548583080
153,0,37787280038734405572618616283131936418720727744386531654016
154,0,74419601661682916103275420336448705697837084819622748665792
155,0,146063389269217582133855191881130800590084612128693256947392
156,0,285684206193128922949580802376362631598948872389105333445120
157,0,556800498739737176593379865237083389612790275182892878537920
158,0,1081330349354258075643789054094077578493439377711664881377696
159,0,2092370352396381103704018087315442204495505990335258870238848
160,0,4033807845760984989759348937432633931751535416921127271757188
161,0,7747516399302234528738257512023584595776983386427039906920256
162,0,14823599225278572228951818587049253858103995085890989024423552
163,0,28252763142162203854729700325720759465878958220598001304996032
164,0,53635896528448839562464231125217301571426814535746411811750192
165,0,101416297273772381576872607170995042218678608080669305049865856
166,0,190979501379955926962124214797111135710963225803527498755041024
167,0,358146502937482217416755747989347698386211714683045407768309696
168,0,668800684187916854036326979916322437142316192584026683265590944
169,0,1243542723168565931355811309588320044667600463995620262398412352
170,0,2302064883391780154891234963685546046628764053592297787712896864
171,0,4242588735500633903056320536079330986548541002547913422188849920
172,0,7783292013848896464791475519691653338184251886465919615579195392
173,0,14212681296904264003535047461637566972383259733052112098658336320
174,0,25830278746376582526130121478128701152190668071480571451180967680
175,0,46717697846595260762452912938430659870741869765577148489811714880
176,0,84079623261575133289913690738035580345700566342574730483061923844
177,0,150561408767708068046701136350953174590342537665101067508150133504
178,0,268229008566346539439313295900190250369214893504259045943482713344
179,0,475358895127927886618013805917869055725117437255393176696707521984
180,0,837944309307951350648251109356629697844302251158108075591877899776
181,0,1469060000579780564997162156376698653662474297545054717544624442688
182,0,2561223525874037407633771003004903697767388320518292037085646805856
183,0,4440086595734903287245177866313198896654450169151967500736791892736
184,0,7652859952372822467910407989763597886171930703713605537602409722912
185,0,13112845525335992046851596497710892788375949249190524301824932348352
186,0,22333860790885590298523154189226684386970072202372136953999144605952
187,0,37807479147076334375243362422952746668766786995136855019134022037696
188,0,63605229239302813673481735833341493465046129211963274782569446704816
189,0,106332047539486676912446078563827260397586007932472738621342609156608
190,0,176623290295686995168139366316983292203388646190391622294874247950464
191,0,291475237267052046757088281398841745462211952856395082203584419323200
192,0,477841790082351624324967396779009926789407995688617355616291153270020
193,0,778136455805740352037729111042151651559804972550123606401390589745344
194,0,1258573513790773695733472597796156470873071041572757286046319280314784
195,0,2021698193972431244535389837574950471581991714405877077692822089522944
196,0,3225035025874308064965379128373915790831876594305577326914416535837440
197,0,5108579731540418192143492828013872480187147153878621385050382745280960
198,0,8034939150634371931394555261004566291724981297620539633183646414778432
199,0,12547364929322961904742209255639120700188169375785787240032919224123328
200,0,19452822015160966664380487018641151448587989588883647530939592732323368
201,0,29939684697051752589573023124043972013087443911804036605631960116894080
202,0,45742768728763139350548795815478559811259208072876505402527430841830528
203,0,69372292515082595974232945343646605540798045063734881998830271067239360
204,0,104428101618143935948953346342608291231217603744860841846057247938101216
205,0,156026142118906121336427581599442092286860272876135279047847367976754368
206,0,231370722838190962185319702353396744377722261342248133675019562030378976
207,0,340513465887721257005774939379604500079430250249933212159438810158678144
208,0,497347782494587829497000401183763956921760381324783419412192983466228240
209,0,720895828925081113501880856155879713473277183051859040669786423570498368
210,0,1036952584186053925055505798305665007798668980761486408179822846184335040
211,0,1480158081745932108306984805207174694425235972460149857140496557593397184
212,0,2096572772541761251465602146278399305178738279187637574830250312334904400
213,0,2946831050775202785241069548796345639372520864009524125936382088380056960
214,0,4109942412247770491864451798953739891019680349429611230561426974667886464
215,0,5687796586852791594597954795920000410110276940827164281553278139056033728
216,0,7810406220560978608835864041088500702540327949880114849439319856263036752
217,0,10641886245913333104339861315283922535576556383581910048118484850179539392
218,0,14387121204782875351477526181324891244734960613072046109993831673918262944
219,0,19299009250393928153381209788639185700722900213008145513907284886892992896
220,0,25686094014265872902433451751296119817364650226792493304880845933858491520
221,0,33920303877150879959305052275503261747715068944858789523049480971201522240
222,0,44444414932968760723304529645230115549769759584905409846811807624588716480
223,0,57778743499938967822893521576974063286886302689651491008004114057804687808
224,0,74526462964896309156475678886883092609191143290513744888558093696408772830
225,0,95376836787388767500783809550697206776084008788802714840927803533116942464
226,0,121105575415252668888473331172740540589875645642710661110966896361228249344
227,0,152571472058343273236220879539578248478929822713974979008236557271026523840
228,0,190708464004120419744112072121480472727551424812576726245652378538877920416
229,0,236512315568300121244272528772147471766412244796591901638499982211355300544
230,0,291021237540177119962118319168002737706530311765490296412568034504317186240
231,0,355289954835167298918667180995485456141043376995287267477012871024212695552
232,0,430357013184411346571699874951248890184773369751733279642798083398482198624
233,0,517205475170014678245703017834177749390624395789362257136231649648531068928
234,0,616717586498426918709307692237219118143620447554619427761554471942607634176
235,0,729624477670074915998326878448576342611722564784264825193445765424884771328
236,0,856452478399274360319169362686066767407226390669143959958891926557561232320
237,0,997468128838288063144181897311382861284298653829029930020493581582810295168
238,0,1152624433326134212083731399375571836407779154089363471247708734150289619584
239,0,1321511275854907419614022195580860201896564245095302545570863307251557187200
240,0,1503313158250682428367713440916689773070926612404991980087957159037891859560
241,0,1696777492346828431883108809805346048921080552015873985221021277781852043264
242,0,1900196544174815511387041257000253836660103995336807270305064353417062454912
243,0,2111405771368658092234297806583329167624866059768299823781783151624250496640
244,0,2327800710056627162994887066629134254650212957227873577442952094862826046784
245,0,2546373768040160847610909349923628993682774137957227938847195152157764776832
246,0,2763771299740637861884828199318312104551199259312439755101685990120399859904
247,0,2976370226472968535672367689978065672825037627869432429892879163547529424384
248,0,3180372290367376603261072480973430414079236529988284564450599319604043267936
249,0,3371912870730447781481102487927387244437153557042669721887413409969184988288
250,0,3547180232717998176465882425921135264006716325345629102068838171083058146176
251,0,3702540203730545071604110401315624671365617066647280726639470159401205030016
252,0,3834660658320389456616148219530235823308012761582810905118865113153765245280
253,0,3940629897400622039131672088711205485319710644514901611063055990142532187648
254,0,4018063070227151744892181116397267170186483448049133180496889507654604806528
255,0,4065191219885059825793843917188812341946297134794632798939990352240910123904
256,0,4080928318398078622850007396168938720706975211311293568573766299961898750633
257,0,4064912751649419743173191071173170405022607894824050051623688011666165468800
258,0,4017521047584442794557078509544551711300737844389761352406602410806623180096
259,0,3939853124524739424867968862444160128109096364443617663406236792485819499008
260,0,3833689868315120751905503924865351445964257231889783392549901525991508721600
261,0,3701425321962512384354973405356749543517993122188552573110834215128334036224
262,0,3545977088818016952242691441870109092530663740558741840106897796925489849296
263,0,3370679622848817219584491538073082206314843915101499115175894776681138926272
264,0,3179165840065551145353058587494920934065648357286294362548827167215687962032
265,0,2975242891963639098750491726273602973313881220453821272937088769773752746144
266,0,2762767981123868254393892171114947092165481426451576231604340896766783477856
267,0,2545529785131209683264203120765989248856700435628737773291732297769254439264
268,0,2327140427501039188890525881074327632520591056601016388599923963833549942648
269,0,2110942054092338285088261514766730854093328251832078263506257531162575415936
270,0,1899931016041987228708370110654294814777555089392199400791588582123838923968
271,0,1696701508739775620363372093883251829882197479164326412876286776887249164448
272,0,1503409354344840031230801997649841049334663005112309457040009955055515578464
273,0,1321755520050509646424148299211091930227134157673591904982068745806780835168
274,0,1152988001021909986221686578186267571209399304489092528808103394678282141904
275,0,997919914944137723407627472953133016536990618108526443465356386208877288448
276,0,856961085438725321253064964846578045932579324339601705002319517158647389440
277,0,730160046507966421136205206178129631629159309940301413946628969505561408864
278,0,617253274390025082780219578115436634837148575619120819314319964149130550080
279,0,517718526511770383372070367971439443407363728173550201177706097089777675360
280,0,430829407900771645128158487087314799561185358859296342942939304750270551036
281,0,355708654304350857515555451159833833035604737294895121950894403793304450048
282,0,291378075849210918309746530780903073340264533238098791707215630869412415488
283,0,236803603276030882037333964137269276276965306495077466608346235812535511968
284,0,190934382119014996821022497122136335659027147040069795876246053513371992288
285,0,152735336165766275781859624083510072259476106264151642288220418694069867360
286,0,121213045083439575880273158402157381943814643739769820701946365009322297584
287,0,95435135260631168800534746889705407564961831254704681132057866800658358400
288,0,74543658626430943276851274517318072581882853301315736828777874632977582620
289,0,57763129525004853380215955898724739573014081510358971422911723294236520032
290,0,44404008599754975580606159654249003482339008396748293617350494548158303488
291,0,33862473458362300696724021488928798674079463159922038407837072643742551264
292,0,25617309926276703132698600686248373302039616160404592430916255078049477768
293,0,19224707671440171595040944072266769468001425000619638707315354593108953728
294,0,14311662800341836601856964741455186461047560270832385705886087753200715264
295,0,10568589773167617603803905414642494797532884940890414425986293306847839648
296,0,7741636229637164604983050650629881560603505994232102086455950953611736928
297,0,5625085678761081489319937622616646284942208560114066194446432613777348704
298,0,4054130996607386520420007330590147263961101516726825559721713896490705232
299,0,2898210740130634686084935649368410147712139409816901541047799764096968832
300,0,2055022995217458966262550872875052935650462669661239721804461804804438560
301,0,1445268830550882489730198372352374954616621624166375473612164127760951264
302,0,1008129190025351026436005940358084107356253991041659959964081618138420160
303,0,697444105695704833923697653490321208156825564356689306211530852165604192
304,0,478539770889122337822664283443651253409661454572366595207281088250611990
305,0,325635317169716184172349976295469435973615208377091488716227463239428480
306,0,219755066485707994953853117233791717973828674714863381415573914137713472
307,0,147071659669571744295634155644262488730268277862473788675287977890290464
308,0,97609081318256522567734804858502729691412159160100546762582239240039136
309,0,64240762630656753769173876571135271246177822137544574561508196645747808
310,0,41925488739277076573024623021783285331573455295932685211193820007745040
311,0,27131885017674672434824761139367471653437730757372861833347447825926272
312,0,17410179204880548811766254886124295428265591052470691522820451962148352
313,0,11077318637819577368554994553026659368393189899011594654947235727474976
314,0,6988122660544344422041363296941012113300909876598444466568965432556096
315,0,4370859201417063888878258509602763279899390294539284305988964234640544
316,0,2710435820185257608214704442592742632833242515332553070572490812493832
317,0,1666336322981058945087251873175713630481193173971245439642353273668096
318,0,1015598935901836722572568542737395083142774869665261231067656284261888
319,0,613623925323360383845966700871275603215741092610258625848158810433632
320,0,367524954288079055888827224695900324852338944120905194866560973702168
321,0,218202389882702073328047023439269380012353719738152465936931845179808
322,0,128411377659973263795550998856455749222179271986205887932304207960944
323,0,74903416410430411950256762481350580421850103260720308959037251460736
324,0,43304818714155993067579084795722856803793191813547009474021252444640
325,0,24813568154936555562827722917865199522566125335212650433802349402144
326,0,14091008739161799517891869211714842453142625133745062568371109780288
327,0,7930048357523025859794174124613281774051653825611771689023892818336
328,0,4422532419365348118307573736589645355620317812771305141636106319164
329,0,2444036728404138882159069228042681246729665526341940950552551665280
330,0,1338337148162017813930480123267581136155760383437528579076020415808
331,0,726145298235635189287770811386326137163987873890931246911930676192
332,0,390355496413520519869397546803382035353408838533315027416387972576
333,0,207899716883988213381299649409430456433003144118104421123254378400
334,0,109693741155660898746396197738961215967087414591104267545862399184
335,0,57335172380462006399145712900101268798688778760132058967496529920
336,0,29685756940540036613025846794140030596866279851082973290112884624
337,0,15224347550860338848593178361421991611561239310128231437754729760
338,0,7733356671673108861814531184028710423541259160151232132414827648
339,0,3890548176525583724329066600754804113089035157996559860991234080
340,0,1938389037534698206814398931875521245581978712253855151839601464
341,0,956382932568273549007884255458920981603249889386435828005130240
342,0,467257279985706704970591171853895678371385826919202476944257664
343,0,226040205046012752782332817041809662023948655375344445629219808
344,0,108265957045485457340275303431155347837362746549273045947213056
345,0,51338747737768019974244518874810670959603876395892505951869216
346,0,24099914259023838737387224705547475220401114076543637244161904
347,0,11198801747626963439380093865278117389565965060503342411814528
348,0,5150881822437187195446530363219526380304737431954489130113760
349,0,2344838165374829493919678535073953961376454990243393002655136
350,0,1056408356857205468681029169491308211089518569581125221850048
351,0,470981598522077059142990932112242007583880610789310724725536
352,0,207775219347141966371059860209229324806793997178416100441217
353,0,90691129734575029671743768351220851879950393491269117794176
354,0,39163333650271703021598743451668181758440406529256719377344
355,0,16730145872893961371545998989482628765755568458949956118880
356,0,7069445958689491161207082591290796598900565937426433885664
357,0,2954580223811017644087143991413103911766249529565001900960
358,0,1221205971051818087821469374802219473049703801181330533728
359,0,499138971683877787571063249499805655124143559715334016576
360,0,201719949733359081329490991254018042352483652511948085536
361,0,80598142651557106599384036195241896523071846319680091584
362,0,31834833537966629028216339662675116624030037193384325216
363,0,12428895680839872576162876895967759728561790959573733376
364,0,4795836524615286971025103724733791930275795131402582592
365,0,1828714315205150829014910508556684553359899732820454656
366,0,689006118026994216540169414866315701662252295562665216
367,0,256472164270935924816937286884966836710897883483542912
368,0,94306068989720592302307023738440197232920548714991424
369,0,34250078920715756841153203750835227531005648617806336
370,0,12284124071286297373660378238637911032328649112589696
371,0,4350342106862979645969235465423594974518073881962240
372,0,1521012495519198836756291904403235833529458313661888
373,0,524932393881764041644335966420504670561436611679744
374,0,178798399506100428718716595501108860173911320646656
375,0,60095119631959604725627761828621360238124568077824
376,0,19927500768618029321223993157198277710426692613632
377,0,6518146862383817012278593791932627127423121274368
378,0,2102661959829012099063382091611125582421746496512
379,0,668808259706179613210980896414415292526014546944
380,0,209715144530029786576810257519323500643632313856
381,0,64812558336028051646522535386219276610743290880
382,0,19737437357751557894185558493272915265170854400
383,0,5921355902269327773808678454815753899608881152
384,0,1749613773931985007018237492919532749477628416
385,0,509026735330184420442638142760897293402030080
386,0,145779924269839667927244859408062525711259648
387,0,41085551555287350810444212288973712359475200
388,0,11391584691328966946913694635792295046650880
389,0,3106314867633812705654155407194836493189120
390,0,832776873159549676106221455699243783919616
391,0,219422686661860729329426150800482983432192
392,0,56799386121654438644553836300802397398528
393,0,14439281815064108836368966650243483009024
394,0,3603365310569264636406799136799641001984
395,0,882352589055905617868871247318136725504
396,0,211907455130236712422001475444091707392
397,0,49889269638170096664628888333877927936
398,0,11507951479825103763078253994469056512
399,0,2599424613134758303886332348630908928
400,0,574628217168956738537490915982254080
401,0,124237187009085227660204352583450624
402,0,26252826462426163201460323352190976
403,0,5418056978603438961793210647314432
404,0,1091222738829375208287395917529088
405,0,214298069627127134487573019688960
406,0,40997850933700591989833457336320
407,0,7633287257897276164335473033216
408,0,1381662870863082985168062693376
409,0,242841304908744200101721014272
410,0,41391872585376915252632649728
411,0,6832300627614147502695841792
412,0,1090442525610486832996270080
413,0,167986574581062216926756864
414,0,24931601578927991108796416
415,0,3557122279386610853871616
416,0,486713298748348426027008
417,0,63692390301891175251968
418,0,7946740717501696966656
419,0,941936947082663559168
420,0,105628132791125671936
421,0,11151739750390693888
422,0,1102026862770913280
423,0,101225834656301056
424,0,8568685166985216
425,0,661289747611648
426,0,45890136440832
427,0,2811342880768
428,0,148214382592
429,0,6476005376
430,0,220725248
431,0,5242880
432,0,65536
