0,0,1
2,0,0
4,0,0
6,0,0
8,0,0
10,0,430080
12,0,13332480
14,0,225361920
16,0,2774937600
18,0,26178355200
20,0,273351966720
22,0,6363697643520
24,0,178000932372480
26,0,3946109652172800
28,0,69065546111385600
30,0,999641986262630400
32,0,12883205741228851200
34,0,169877638653935616000
36,0,2661971862635937792000
38,0,48522479127635165184000
40,0,891859632462168588288000
42,0,15121180389333497020416000
44,0,232353303367846453051392000
46,0,3313371136935261408067584000
48,0,46125231615964693741436928000
50,0,664764834573123652618813440000
52,0,10198558660871931108041687040000
54,0,162652553601656911740052439040000
56,0,2577731644343580716126636605440000
58,0,39373321654993354626835257753600000
60,0,576010131002511310439740877045760000
62,0,8177698067548205900129635695329280000
64,0,115348136381259762050711263641600000000
66,0,1650993904923897930875886750400512000000
68,0,24134800283936700350259417567775948800000
70,0,356733082264977937522006816781594787840000
72,0,5243581885450770684789011796243429457920000
74,0,75728959029759700835173163120089418956800000
76,0,1071739983682340717657873371936150310092800000
78,0,14948793185226798185741547204928321093632000000
80,0,207533838141062627720710943688685518009139200000
82,0,2891732643026350129889060201572135500722995200000
84,0,40543397733091048698000719397751059688036761600000
86,0,569900169304528739081750411500242485911329177600000
88,0,7979420129451256797320923327283559126710353920000000
90,0,110702384892334988387998136846848103315314153881600000
92,0,1519330410125508970134185764888425581214427407974400000
94,0,20670286988129644662794177496483814777362159186739200000
96,0,279892739167889996269084010650991858245745304089395200000
98,0,3786031458942910593223828302958825301257563427307520000000
100,0,51236507838854574665203746603142475455776910703434137600000
102,0,692986548821597188520762921510667130236586186386702336000000
104,0,9343574888028302592917821933457069980382142614973972480000000
106,0,125280860817068258953200780045150545179665735697242783744000000
108,0,1668593234580834100794070193198320331333983655389525180416000000
110,0,22086312020285002235516601728178300274395592271094108232089600000
112,0,290997143016131974627758136765904573026753776005972955758592000000
114,0,3822891816392716830646236850694700445364449722467057984864256000000
116,0,50126116558334698278198926472777569850574905540704151432855552000000
118,0,655944170477451789645953668670394452272783313285946884770234368000000
120,0,8558550319087603621529019511996771872478222050319375937225254502400000
122,0,111216281924819055162744685235447476698901218924569424371971522560000000
124,0,1438273692427477666840437084210113567382076726421553476134470942720000000
126,0,18509136247749005255136113160660616595339094324685720666307580395520000000
128,0,237153999247719624701975539410884821621088055779121355906883864494080000000
130,0,3027699750613431007593471890922687639984843634728099646048261178916864000000
132,0,38539294191100659621652525793079536535720199540750479057583440956227584000000
134,0,489203844674051470785576378524583098914571458874970202454530895250456576000000
136,0,6191056432605257429891214706419297951768975100251273773297543943668367360000000
138,0,78075287333221279219051597665601713728876126696713276771536839486535106560000000
140,0,980694012833958957587699521175569327557212103359421309479144881518551236608000000
142,0,12266677363023821468916144235069632431455147643510860524576096020453054742528000000
144,0,152802069959739219360469174678720127393952632401389095461675064343017639903232000000
146,0,1896140428499741967938756278944570096439359988713946609541923649230599849246720000000
148,0,23447683229228296757721378806883542625185578707268272621988548335338021705482240000000
150,0,289010454445257665389765170751567614219013796279247032467618741940480523380981760000000
152,0,3550729147203994840918997375700274175747737253549714535606811186441621850271252480000000
154,0,43474895003141818959470876211278482293789461149018949884038278415520824818034278400000000
156,0,530356888725006907014181201737414920167141589572652458426785978883500541217656012800000000
158,0,6444900347844419089436590116838028404000753664350866227451341699206529795183188377600000000
160,0,78009254957936433003118018848006077663757895601616213665931690539652442275288239308800000000
162,0,940549078276012726657977543562634253093482724224782338940980710386163359712749918617600000000
164,0,11297535134203241735672772009359172777576090442114831672476159399141167371532543144755200000000
166,0,135212480583734295346737661034723855418513381142845203445204612241459814705636254836326400000000
168,0,1612558516676886734123649730738172784659660854670953899294794930729422441360812088806604800000000
170,0,19163335275303390838496509307295365651865664033915661115249605923761923297297183878938624000000000
172,0,226901831891995668463090614701263472585436064444264597151996710298415366471460977874305024000000000
174,0,2676425148866858957482600222982472177797938292077387311688683856765532937637677930783965184000000000
176,0,31446371296556549533079787337920691570060903426456945877366883207972446077106439490816180224000000000
178,0,368009068396723922937930876945459965344818330747097934424643609303435524038011890746020331520000000000
180,0,4289654330368324513269814120814141231409089745058163239170635173781069466838962856228313628672000000000
182,0,49806271654121299039353332812573143505755551486007236834262491917494885272756094840087496359936000000000
184,0,576060026354226437297303574487283528554603703581451776989712702045648068099049350368402205573120000000000
186,0,6637176723373608685333953166452026851914990823414124229681038463214692252187853386528384352256000000000000
188,0,76176082164281398932231875384315950283810085186448135684550757817534037623642284952428334515486720000000000
190,0,870844632723185259475103074791836560092798677754089525866588645072992216217627884564699656522563584000000000
192,0,9915301817822177019315570891153219523850634130931520530305143629060060565701371608282303338121265152000000000
194,0,112427513398575224882764598438686716504134872038135469011817059047404067229129679188689150245286707200000000000
196,0,1269435119127637726405995815096355036653039763969423626824229784065572550286856997503282024848713318400000000000
198,0,14272649824933162082136419080341662088107470606238624515060333805148980657660790510168581744306946048000000000000
200,0,159790713631059420965404132914210786599248671104793251715883859700774377193771230441742941525871616327680000000000
202,0,1781358689668683149577342183026970289601906166772802198754126605501745401662057549597048333794391495802880000000000
204,0,19774183658693807582454291235544881581467741957196569956217837235247964286797287015492412241495827561840640000000000
206,0,218562432964380527973271565599690943665373238657494481099040759070154795165972449840663443707270275939696640000000000
208,0,2405200107457530298501140942285325219248033218484254459189322991821359728167924418615615430638281400988467200000000000
210,0,26350245587289239426670824667551018384677913047582043156305970301766814989619625613218992902116656167885209600000000000
212,0,287363341063226797996319277485451080656370561372933231145645752946413130109623561028184710399240752662304522240000000000
214,0,3119247744556738138222480671841913295582398441478656939587548631311331797304003238518967751940903868510943313920000000000
216,0,33698145187880537665970258766416628677196738260103529374053423957937126575087687212017688272579018961081356779520000000000
218,0,362304065484436125646289072711141182680187709479177007002214284488942673941158182459457928168207345897849854361600000000000
220,0,3876407387886648514137295671883795555961352026608535010276163553577769026777615780326881673284757486701273971425280000000000
222,0,41271634740935724977191905494076547503949101423857711077714990860086371525648051642035783192527178472704183160012800000000000
224,0,437230925287534415241635182028452353196646140623367946172540098538013532868166199999724671979921170794397697048576000000000000
226,0,4608592387022454151236223604019086685895386139481113144680636335898974493013758179015190539366354930465853326701363200000000000
228,0,48325361366527766090255475792720568733132825870064301662453123541514235841653953418059025890371248772607630388284620800000000000
230,0,504051187052434572427870610230162209393042958556126247635942594421768107458286306364298401037679153611202896796068085760000000000
232,0,5228852830189662790410606840189692416158762560626512676741938268277084512282125980599159281562491676713575932864600473600000000000
234,0,53939920367083691209804020121185550029506855040786845394584704430283277572378980157132148623948993869568490674473612083200000000000
236,0,553259953947572179743221091748977268397488552437928989544831161592579893365551673342506029336030197620808681863829992243200000000000
238,0,5641696055858522544847145046925110306895021705411618798146611771011348910663347661953789078236550692438557322237795159244800000000000
240,0,57187304795321946048574007477276521477857070222368955377401892292302222138157145090651618096206822757041506723948799532728320000000000
242,0,576162321320425672789793248215401399556870600356493113746314804334657823184306566002532381767475832645801879350334036797030400000000000
244,0,5768789707614098630045673576230299347904546411347494703072919901356075132377236117582119153093928830386421755116073395001753600000000000
246,0,57391638926406593056221944833955200882440545645866513593697326757827226006475213625226685993705494277358641004011127501225984000000000000
248,0,567223738963794269073244450902690828229952821157669497043290519003732277694924999788423337135007541218349363787426462148067328000000000000
250,0,5568119297881812533548478098819589366786529912643538516550277746899316443470315263879826541486124065988630064674548312695426252800000000000
252,0,54276076359417565436933784140653178190175733918331627611287149362220257603627940686435209491986409614782323757438851359232019660800000000000
254,0,525225274293675759395909434703191806798542552396534373144710778016277602519077434493570428291410910192977097106350918351262528307200000000000
256,0,5044389288596047662876844526799130070569140893995091072157940254805150980357981030381943815650505805321053128689959888514568945664000000000000
258,0,48071182757249864603393046889803637394849474580861777869046797386575774214417269842027410365531996713587944704738158073511036321792000000000000
260,0,454423160816865603571464548698458477201112203786057029869982552156200414372760850399714612803455208289498941456415263757717482137190400000000000
262,0,4260085262403272207949955091338726802168686259529934569851575000183051168025233021702812042391636101610192000823312009818944586540646400000000000
264,0,39594381500516800623484299289892892295622244395383769649723496300175023088079371125079490837822906028933362570804888241800551291525529600000000000
266,0,364727894887024655115456236864617963332882559117279267231486644807205260059867721333180549694571142903798376864224019539663646428758016000000000000
268,0,3328661437870716015893931191937873073074556990009955988322409454196076621042685213246278865740500123780531240938335406718275014897958912000000000000
270,0,30085616301368936940631625545107706159106190389558417910909257471945688131066911570942748353893234425783776948268163403454753246426431488000000000000
272,0,269176040737155272245997218091894367194463359947545286485565153267387679730562671597008660158836141659802816691240726270968908900512825344000000000000
274,0,2382746992765844181789237418679435897474874735762163262536398365201199535959651167374609673110447023901078286998726274189469512006243450880000000000000
276,0,20856341517415938301619188926506970091923486725263157489565866426169919326674897904831918572654682075649588585461227461975401402815018434560000000000000
278,0,180407649340911417322378932951281364846744495331931649509863436880457174044350897381609997589710400246093546159147931163463626050152767160320000000000000
280,0,1541187853361070489021269879000137074810676299877503471333551074122885376346153957973715163881053941629895386482976123641972159813450958110720000000000000
282,0,12994603539575961112352154753156627223438327437317504459239099006653417229533687094512396093817425017065605110988096329989852832095848250736640000000000000
284,0,108069380343012610987768676095776772418794302748181928939168772807569601314266278926367869370011257910909889544926251193824004293842057853665280000000000000
286,0,885947496778164039981717994153175790064255498227369137184536806545538596962156567677272952057668054990323304596968639539986891368504319394447360000000000000
288,0,7155261612380123373304269764830274053811430716935668779779938966078843749869349569570746334469737288305365084699298971951689740287896822134865920000000000000
290,0,56900792772593510385522484364079859277605089579400377529599927504039166691171623394760452177461960773595708996933731427745699365902261287072563200000000000000
292,0,445316001893248829211512500695684196117391904863590960125237754219370111482534526737164641148631420893831270331581959423938697670249654945998438400000000000000
294,0,3428288733581733524946033898645597001856666115275465558625333984972346930816833365226766629373368468422966866752635875823085432326250465613945241600000000000000
296,0,25951812585124154292590771585335867904831398132940121323480188293577361684402525007836150816142646695623568974735415805385547900056897519210830233600000000000000
298,0,193099402020463632312292024581240895092862434842324780923173092024011378126026861364731628997675291725386266132949260367397726828386382383195095040000000000000000
300,0,1411813329050064566552657594002045790000610834129503716055296683003003756746817869224262639036673753110266290928081917424526580896087063430849311539200000000000000
302,0,10139905721514741964041518288901333904560280858941841918658795784431612358974547251317585135180478677361573565478733248770385397088510424620274915737600000000000000
304,0,71522603740040131975346528296996586701711648362636991733944404028169072639583259934859382908000884451993736015429175838611067948547596060520177729536000000000000000
306,0,495349208375668471678196679726605437851222866270231092201082898898154998959882489933843275365115023614578115633076226384034538098535448090428110274560000000000000000
308,0,3367876515479382263006181768602298286600354506459840084592994290517757867830510618012482307171613584942391697095550758706025733757785736045138085412864000000000000000
310,0,22475286822749950957437961294218199736086807619865318377670892986674802022465900171247384047058317040335515421998493668897573684904606848464164369308057600000000000000
312,0,147195700401515562390097267089721458184201072137258707015645822082986241646772104734410836589771993782684268836444527816624309886745798853407084987075788800000000000000
314,0,945952468578515125548304102924648555274706105708509992407903765542883540073441107604156544362993344854452703489850809662718534029990004635278696373026816000000000000000
316,0,5964542743962561554794374400472537318839195925081288018135848875905933922794163945821693612990124954709738189533989148957992240840593799481149879280992256000000000000000
318,0,36895439219371452809898816149475615696079826965344509160667121097899239704406739989819750742494052760780285224663154480672229697281901680351125663362580480000000000000000
320,0,223879149583716808165431361741521041797693058049091822855127517221282255492384302596348557421295534180547043979082798746207807855291663444826178841812664320000000000000000
322,0,1332479803970359813751930545022981754050003683267974012373548344526523917324211186915992091059813170048057746954282597100044699147791672773134492076485902336000000000000000
324,0,7778150335572601323183374278682807147453215508503204371615938183718405908513730982182655333175369749196634204422412238726787998886652009703107201688003411968000000000000000
326,0,44527149174890911815022532167901947350167690732135613340826979868250362969336372089856545536017073438080167559997671125185932091426106702052710497189917360128000000000000000
328,0,249960493502977698167439508570403405872005572060568100141838920403224800125495033744564304392020318128433451678566480707945014830452376769440227974600447754240000000000000000
330,0,1375882349099858290384866976084054436456993085443286621429922112644787977139029281343088461045735478622359277147847528987424984319809417579082734488111288418304000000000000000
332,0,7425406689556410905131096325664758315846557221459593415178594167058354612085439240734419679396217762976839042524815728307949326498916701618013874637691091419136000000000000000
334,0,39287420401248594089520512241168104739164496972558883133510445944670437513509674112120451639547877744594807532770446781502740844560854975673861278121181218603008000000000000000
336,0,203772632060631338835234981921148858828265979702819683219455044008786783485048873343411754924853832518897233497021133064524748840428764586143400276191656613511168000000000000000
338,0,1036003501116172652899146139158925063409321775174188519247833317126567308189093692999443979094285052186966498923806322473657544123730974038466261356177299970457600000000000000000
340,0,5162529876843934173593230946031268367833714137258271342507351915951353988538930267952280650012921467129021278987062830654910168189724076573719975795504032755220480000000000000000
342,0,25212256297839051963999531084144962724353400795568027544898309426988863911369633577042188164501601352503410721563003282656234770747222184206031671353544349654712320000000000000000
344,0,120661608108304645919074776563735200616886325432374472864743359679583697451480887185237033801675394937222284389373795442779646689370429846618403093289039892137902080000000000000000
346,0,565840209251658092399583929054657339158172034342377876580652769560623353754859839323418869280217384606361624529971151439309105317013894121633487334573713033422438400000000000000000
348,0,2599820084154737294062649002543650164376533509295019446845016836327304996752375272404858034289296179059016980842938111742141895393580323129917125637968974521040896000000000000000000
350,0,11702359091452786823050569330949469102676735312504795057514242455068591044044512769586011270195931104090952324653571070445718057523291229470711952968210325535587303424000000000000000
352,0,51598644900841884499493699554442769860626176721920970788867563864292243179817555909819719548366428730633407829655216228604311023796298746296364180710143926954895605760000000000000000
354,0,222838497944418768470899552740774099924491700262710194782843350665428954425496117269255320877334952967919395296952294187301013311954691819162872806369083860373901148160000000000000000
356,0,942496214818435493424912449805952393423848093648848329488862479620126281507797256090745658284928880145502305273773465170680414706507404862234652854115268533834513121280000000000000000
358,0,3903506740581970768155655171381001118657757372626490545458193263290547487695021480247950689244941627979519629991840998913937975483006816508620330377789339752931965009920000000000000000
360,0,15829333055049382397476552067140482922326440821769042717300938030786113361470823962185070715142413054418936776190290939961370605454948916480161867357913542696959509266432000000000000000
362,0,62841567885179387359076047554647584876469388590094894961533756884227196706594358274315134189888186697299467047483500754341530562485307243507445687498706493491554203729920000000000000000
364,0,244202614206599572872889870975658134790591829644865005913064766824182926657943875896390249271921146189462478932584596579181654663072097590828386471031886114585023118049280000000000000000
366,0,928779175567498888440359988807782409787073180781531800733065353858172383343389101112472520609082609106276946045164449018201027430367563460881692917159883405092851181158400000000000000000
368,0,3456775353634866184287279898875253837426063704342091409823193156794077454117540371581838948352899178090765332156209718563855732719787637842347360638933346485319438119731200000000000000000
370,0,12588142752783884724263411705006536892499035017890196658343676537490887829387074889506628633802484708578823986627745118558905771996922136474422933862054404627940400944906240000000000000000
372,0,44845287263192713911585699719710703530994467510945307197972566494618198335567913520297448066278842557300166310141381367342435071281897701780013957954220072811621580946800640000000000000000
374,0,156266866763247364566416903646349435435153145817976410679151838550428121472580370107912576115306820351748660112172097833641597581215192761334244086507193014592843523723100160000000000000000
376,0,532524516516002979012703458104112492033937631520501750338217165527959511163988272056592844532620434038002193363658413391727762053835324659304976641057830476858854779912192000000000000000000
378,0,1774434025852307393308248688913137573684307092093639773449246429030659319998928093853037133595573507026273058062698443448632622098324717130997356575453878158489859776944537600000000000000000
380,0,5780291823214506512799134643426160055861422667191323105271745894598305089972282734814133141607610961801001078270533893233758209076480998017508945611343883100316360234594467840000000000000000
382,0,18404689758719611365676760465741991823902942008788642520680659681531965499231805008054524087638753912129202790189312283458796194768855187569822831351942802853312749509216829440000000000000000
384,0,57268021255734128879271224956041813954103830259744990410201663538486842396086350990634310303542921777149714643789357682701442305173952486313122514975049443763567553642716200960000000000000000
386,0,174105992384560092298216739370990526840590488863813458022305049051883090555928505608821370595980973245131599264992815922034033497896542163011952349995277039486590812922943897600000000000000000
388,0,517062125120390257772571329231531520645343908584224296723198778554889033960177264806531988488063090869296953809128276608144869653185883304710104710231949106405750095496819507200000000000000000
390,0,1499703245589280561623661406357096500042728561050786206795588281710007797886992665999366946439036247301709684978773654996355669580163960523922341240820367934470814939814350028800000000000000000
392,0,4247212920260444559203656463257406269216750036694438560214693505137794715632909464429231424794446866728711947727599078768169718515959472774891795644359572259575679478286149222400000000000000000
394,0,11741877213912583938072120770107486082930375006837175221203335917034469724838871808806028519718589493095225464256590816561637431507933846088014618967461214903893731836239544320000000000000000000
396,0,31681121995966856236763005484533522041890615366620361623146561610780413542187786238872372054638696525936598170219060830017857677934205978511063786501354877153395469439436062720000000000000000000
398,0,83403376249102276456842335022122713496908556354994511588538109044003078776791746522357401091450256854354378377279456193690035385715518559104744616857772128491120648614051840000000000000000000000
400,0,214177043091196076164388155795230116240135602855679493575067495118731531759613184425307624880159761847566266946509802402098561599796609375999586682814891131378476191744492830720000000000000000000
402,0,536352053192684842386816930129570841988195376794952084340407821490483996086977340009577782250351662579928398414653298750843866863694805890419699484919143495100391995103982387200000000000000000000
404,0,1309457448235451755811479815209738424884526463489771024105029027026014280369059730243314537572893506544265997766953884580563696738309057920377763175901016426068648007402992435200000000000000000000
406,0,3115794406830071230689458604416847333782308686951463462872091887961455914765435139351965046281210409847955543008290385696529438709614958737655486766132437089760679356871684915200000000000000000000
408,0,7223510268671163422606612199717817110398678213067562168723625811078278498795649515978849380919935546927489055795317593887512083468356234256468309667102679594536070556252792422400000000000000000000
410,0,16311365395036599279809182151140177516590335982060772644913250010707929033783151574690918764847089072928675558010633067127011853697490112083410673779840958217592642451785383936000000000000000000000
412,0,35863216445556830687887635170899844126196019998828928675511728444443339515123960890850829251159005143567015486390291880552262695599438008266868457212539882315344519606199910400000000000000000000000
414,0,76749054195403189791696150658239118445935125313252176239827952717173347781689581749116158570976259363480186937242550730303100614460769343382245385383281392717961473054841241600000000000000000000000
416,0,159809608750324637054587467768114804075773830612214889187046540580841612104757420218976673556916777272464426649988596053589465788519391991604055900151817866506257735770693435392000000000000000000000
418,0,323647893975826431498746357859445315287108749277844994670086971385611118967297501561808852756162981716856659761577100313091337266999903894784852961269306109731062120297088942080000000000000000000000
420,0,637248823623610866640056651902571757593383435625953512125202099777834376500886210098992204714549972725241687000153974002361168490993312925247065121499126617327318881186546188288000000000000000000000
422,0,1219354047505188065573991791610944399960380465842452632217898079855034433359375384067493823813738130566797136816634752078775370958253163960973018154433873177878097037656565219328000000000000000000000
424,0,2266441973222566932769210458945442193529352069144729010504457136569313131109917208992820858189472389037139050703776321249865319867182105612719308269924619787314299769554701647872000000000000000000000
426,0,4090285109401775884095789900469077853873247635261220126099664123706801615890329269861981816758318023116885923069540793458781345196037671732925068068176275280569234008445571563520000000000000000000000
428,0,7163859132184675932838078951509828854619602115086951882837320446102036752682851246391582799753217355134047411843499392670395794557737572935601058414511538222303541733394260951040000000000000000000000
430,0,12170394137926868661000346039195883565750364634823879586419773998866513864561581820249758228242872287714660918932388588451389755227284465289474910141678635902871738224360564981760000000000000000000000
432,0,20044475110795411458602874935689599764520919025274818318582167176644084337439175362569325120753952470403868053719963008616215887108114141364916009243849365187190264303214007418880000000000000000000000
434,0,31986980219068418172279181396305183106267157779924932753296282305908916584255186083356666946118985419912572066369869161528278438975239555271084738412789880718708577554814468096000000000000000000000000
436,0,49429159408569629405753760653289576826368706768573729345075342619209028005475637014846898803606078368574803478738701860198924001710880691762032383166642360499984786719261065216000000000000000000000000
438,0,73918541353693925308964330325127664586593737966726551720265275571304353762253363290680301776280732147626781723533374553585188380955863686371142315815363499027438293414313984000000000000000000000000000
440,0,106904793885467348874108234183319044703264152607695502214381267200954761209105880663607876721028284507600583150099158476479248704636839688415592369969410062539261523231795838976000000000000000000000000
442,0,149420949899949829809429536823294339304918476286747112365439333755736081891545621039463287130549110866077882162239407570072121845179542691605447311699625587176664983507891650560000000000000000000000000
444,0,201685772728105557895484443616061401655919853565217235472086017902927505895392184523661871297501874711183182250678030527853259482630991894221042703824081039625798501949987880960000000000000000000000000
446,0,262692647714564470344041205511787145666528471956405256237412844819713057654212956077805359805422566177807578877157976537647664179638350716853159759056953746617859912023733698560000000000000000000000000
448,0,329888842536076640488319332450462995178498369278178789052457963379764768409755337523742215465687865348579055893337409598123322802967843867436265744404868170328466010083447275520000000000000000000000000
450,0,399070245967659053410842814790630532111084428550353547813113911792159100646116595205506140791738377982873234425304633209325288089166663145200271082631410354503810185116096921600000000000000000000000000
452,0,464603653195235041209855676831048504604392576853545005783312347127145706386128078712001173246848936428395244115693815423322546069308191803513115177190764812290119349209713868800000000000000000000000000
454,0,520030798094740115531276299258018591631643946939924298830018045476708078121089535619149952341519260301592451234322200756692403129267707377141687491801912781111021721831551795200000000000000000000000000
456,0,559009973742105525167671655971776704454148587570874802372920936102952737691519122315684005858242767526985927246124729591153587286059413688660155422267319723064981469353580953600000000000000000000000000
458,0,576435859738179766722118405539710114521110497127907071657462253612355546219326915299827436388195289905147521202144450873486938739075985547466521330781744132090631881035350016000000000000000000000000000
460,0,569485381626561732248598438174554467538252891733347983804888505254243250294001449686477230251104321632796150346732566943809567194656333469960859304109038762179554913599828787200000000000000000000000000
462,0,538308952659634344952878187981987346783454675679073862815219697209846176929679286241882742493420411289330540118994961463591201409090174446431320862123745738823927483157656371200000000000000000000000000
464,0,486147957467660903432623847550377706791366727364901226107233392234712991097603990675014549568186256094072818881202427280625742928881981459592714988697665289947693588966853836800000000000000000000000000
466,0,418804152193917012527000228487027435813798569113104142122257328856757261776825135899258399076941222835745573378775501551728984866621055365809117976529215217346125511805370368000000000000000000000000000
468,0,343571907820511080306303868845070516084697344430520198991712552512693551506879184187762683269428408577303212276435184411307747257050136246295214198115988592059069421611646976000000000000000000000000000
470,0,267904349759787580746233260798556199596931211355197591662189344074328366895953026829824811007920977407529703258382280475632037046326940362332930726964515003249081944568233984000000000000000000000000000
472,0,198158201481844757795625063848234408139832705280653041051177850925125840277279473290693366564267566745460312459260844627174305089096014388176030684034835182465012067993649152000000000000000000000000000
474,0,138720755172932488499628386908544746459037870619440586935509699747305528476272919739607190308247829386053744651736098800396342719879425643935829253398934918697272283968307200000000000000000000000000000
476,0,91684009605787740260260301929079546603816122437810892748515773518230631067079491265442213810327857172583182784934759700272723357063813748496697632148746513140339726037811200000000000000000000000000000
478,0,57052734290825386958021349208814097457772078105316769610590467212274307851989103899283017101699851560723975783197247368842593448679762342956929056549090664933215709429760000000000000000000000000000000
480,0,33324228469497176396025549063267637998019502278436274148553376128522904629812082923696695557537810941590792227593243902743599052433695531424273644208706611974523745153843200000000000000000000000000000
482,0,18207554336305649246948019460129909200825259136045300123082751615650950428036434078306629773825798634037290829857572511845302606216622160488089821003085652784570959921152000000000000000000000000000000
484,0,9269654831171454536066859502425813262756267146746378097968613691601484480243237911589535313848696069068417691857482323312075800946248884229549249884728055097098263068672000000000000000000000000000000
486,0,4377979241911546448092643354510422841470644738589359393393717247588700734942688398403960921518399186728721665287092204950742342211827755305813161366119438555561320251392000000000000000000000000000000
488,0,1908414508655921223999916147031236568560139499779872272961001199511177649518209379281414459216680472844437359748326031610850887567910080924778950697775606625276551757824000000000000000000000000000000
490,0,763299932149551240273174008747662032870990597985272916954988457647986223922490159643992396101359433388556070470173595156075379123656379086387490940633431438816171786240000000000000000000000000000000
492,0,278180533048384222531158087555610821696865762496957586871407669629205618463321270185419494516828541797688730654230171201398587688692899272003821920734382096508235284480000000000000000000000000000000
494,0,91616768313085558570871323408586911161757223148058961245031876454256990674077276441040686204693161657857105951233970529428225126210492786593387706264499090503311032320000000000000000000000000000000
496,0,26995219871274550146401897806590253428733021686463133819340044927327573442480608549063654113314503610325544230444323291960351307786713585857957694385836776082867486720000000000000000000000000000000
498,0,7028765544295332286725626270422264082403091054400190309986756537673494088624081388252699753696379799493180368399129661900362174278111586079280575249006407073136640000000000000000000000000000000000
500,0,1591928880668340637644792238057912044772077948676620788592314230789883961380419219475545486926375376195673830049641817695137014821037442992161857825113577324344770560000000000000000000000000000000
502,0,307239675664703354699115832645392126600188814009926063061900195938966264024315422351959098921939945920495868324444773036329200995014867334679486814999028693110620160000000000000000000000000000000
504,0,49126618354211078213096333183952525022200131533514478898812714206856956605607826818834397133577630818035393670303701535658522465811328036140262712962072055528816640000000000000000000000000000000
506,0,6247767763897157160064734446608363629383523227329259489995106238011943755988338883063349244819781066511121046428108646379805521401960661523372465234200651785830400000000000000000000000000000000
508,0,592493744080870882606888239822111699572486603782075060234118793624211085447578600811188093762022119866036473512898840623236126375556877744489237394365323463884800000000000000000000000000000000
510,0,37243638308611003946876049038239726783267591122561552340715265836573993758509774355362661179062666017187325947513269605285236471764988107425025132485479183155200000000000000000000000000000000
512,0,1163863697144093873339876532444991461977112222580048510647352057392937304953430448605083161845708313037103935859789675165163639742655878357032035390171224473600000000000000000000000000000000
