0,0,1
10,0,2784
11,0,5376
12,0,15040
13,0,26688
14,0,60880
15,0,109632
16,0,160432
17,0,218560
18,0,214960
19,0,147744
20,0,3697328
21,0,14049856
22,0,52805280
23,0,145457632
24,0,399436368
25,0,969275520
26,0,2163547680
27,0,4448047680
28,0,8405034840
29,0,14821961280
30,0,27152258160
31,0,53887081920
32,0,132314821320
33,0,356019552480
34,0,1031860312320
35,0,2901784416480
36,0,7781006554280
37,0,19570831929600
38,0,46199314985280
39,0,102773088419520
40,0,217417449744840
41,0,441818744822880
42,0,881314909890080
43,0,1763441105337600
44,0,3676258511671200
45,0,8161042366786560
46,0,19364391219785760
47,0,47879074304650560
48,0,119624875339108120
49,0,294658798458393600
50,0,705403782752756192
51,0,1630908084057042560
52,0,3639136670836958480
53,0,7857797497760819840
54,0,16533076785523357920
55,0,34240146557894110848
56,0,70789836159065349900
57,0,148327206074757335360
58,0,318998525588064822080
59,0,707703360431390834560
60,0,1612407965494029776408
61,0,3730242074368006586592
62,0,8647543678018395696000
63,0,19864185416365961514816
64,0,44878123038245560347620
65,0,99353756384448936521760
66,0,215474500739643222771232
67,0,458946581868371385561920
68,0,964819382752638026498864
69,0,2015737518658367926171008
70,0,4218354537332226875380592
71,0,8907424902982258250308928
72,0,19071833668560695008829220
73,0,41451052220490407373488064
74,0,91187477085777117783669568
75,0,201910222834226055700104736
76,0,447088163189778807524153872
77,0,984330484456734971886817760
78,0,2145982171013673042260119728
79,0,4623177119347158554561410304
80,0,9840871627381681121501540404
81,0,20730988777376635333551492608
82,0,43354571260462231509990793920
83,0,90369260273535345935443168480
84,0,188551417806106447103393431296
85,0,395239189381571432067981838976
86,0,834265652307683575631127320000
87,0,1773926014976087981323924835200
88,0,3794164250076104834770814361856
89,0,8140044681845034921448790924672
90,0,17458583696540338036802945495616
91,0,37316167624845405119866231582848
92,0,79297153947417832600881386827680
93,0,167308380587534469242471788718208
94,0,350427189906082225621718523055904
95,0,729247695275575175498373267119232
96,0,1510401264054984140708043734216268
97,0,3120471207038782089412547904968640
98,0,6445854667004311854715574195986672
99,0,13339923942744593163942209658105152
100,0,27695261304004075752172871811086880
101,0,57701450298467987459847970147360576
102,0,120566223299406781841025076635944720
103,0,252302943227838352794424307629991072
104,0,527842147394088705978437685498815208
105,0,1102034883794218024685658478342022080
106,0,2292771102247462854275342063027200672
107,0,4748970736238092613246054068797142240
108,0,9790120861729160389555944548993136256
109,0,20094375423850555501793863832107884800
110,0,41099263725954735816257382127830453280
111,0,83867257082672891692784593121976455616
112,0,170973070733336526430844835255477640990
113,0,348629137992480293745082216127734528576
114,0,711663364948224450309631850380256223568
115,0,1454859991472043392195165962051940927296
116,0,2978055479571979301141975377947355618368
117,0,6100119885320309035681353913859462772960
118,0,12492109181973379230706789753758232050880
119,0,25549304405580052245333060985119983081824
120,0,52139118746520950378117058618119926319564
121,0,106094559068941846558833046113338717320704
122,0,215188664320464079738099365495707679770880
123,0,435065858473095874450443462463684429128768
124,0,877118924131195974637613978288795677956624
125,0,1764403988687569942909920535356327417933792
126,0,3544046502059073640275563402897819854206656
127,0,7113546536775016589627510758186464378913280
128,0,14276516550238578406274705406046709777415818
129,0,28659417370795320589471311884413758176315008
130,0,57551130464464786678098716259934570977555840
131,0,115581714393466564396786602775118744413438976
132,0,232049938518056400127626258696904161339239680
133,0,465459878876412451200630814332728708112704512
134,0,932254757241464998059694404767662723248017376
135,0,1863452603880198747268055327003676475618618432
136,0,3716072794299505200707219508799377984103677960
137,0,7392187342221908075062498843977436786009854080
138,0,14669602381683671464492046491639029322964436640
139,0,29049249187357018570906814797372375073068814592
140,0,57424042541906933426844606186952400760941790696
141,0,113367947853697264566885709445006380650716249920
142,0,223619343708701821593913636286372381209454383040
143,0,440853082495122867715966853073837445480294174080
144,0,868804184892403505954314586648610552514226775178
145,0,1711577574004273894642176761387981403117088445728
146,0,3370155741519476783413228121411716935067904749984
147,0,6630696781153139530585142936029173266514996874560
148,0,13030796362185645393507911530124419276157915963792
149,0,25569931534158291186507305301075084030520718608032
150,0,50084401188478374050885196891690529849475919867936
151,0,97903961523191394683266596752768530274213142980352
152,0,190979921444353472295852966494252961468070486006920
153,0,371779656989712458899661614670800384489664845148352
154,0,722376423620836370983476438051220655728557871453264
155,0,1401281309651657144783057998685041589710243372737600
156,0,2714499133983233358086716951294005422437775442673896
157,0,5252544069919542299026423916216543923837440480517440
158,0,10154385684810008902057586020218400860304880758285760
159,0,19615134062129905366766970607688970910450875505516320
160,0,37860549561140380045686926048784153676509572985097122
161,0,73013085462216892378885408360394881605490156328625952
162,0,140655637832631355421691119628213991320928114576202800
163,0,270619433459661174802234484534568962317170131850231168
164,0,519880660951253420130102023449708928556283656449249696
165,0,997009934004048331962681935083556359845979459638339328
166,0,1908441371597592846445653291196219609075051829117833280
167,0,3645916023243623032890317092272610672296633635933074080
168,0,6951580114430656004866642438887630105912333925346178136
169,0,13229480730171162884612497920614898863224338852904185664
170,0,25132925473024021383748891233097204956517631101088682304
171,0,47671293940966683215150727805468211231445088214362218112
172,0,90293898266931925678133058719527797734675926778845927040
173,0,170808730280675677516936180776709041784223943230583487040
174,0,322740158051250982937485135732080607357749554991598654912
175,0,609116436681674237085081014648415966068421995359665383936
176,0,1148247041852177582707859140650366557243101531879173088200
177,0,2161795692352331726985143180410845391190215464764171951360
178,0,4064200407868288587177418504869378360977642897525315897024
179,0,7628576934915963646210090268369241721138359042669687885440
180,0,14293784557312010439917270299866883211453084609597060929424
181,0,26731540561601082525483332490256202901706602897851678315328
182,0,49891863727946866969006792122780935403615049058848438888560
183,0,92927260504511053765842720193110025302947962854471552256000
184,0,172729556238601372031432916572767489670608752482843239497264
185,0,320423220718865544846521792449236730822016735035463523404800
186,0,593272868637740175265410268285625702490105448310225030719408
187,0,1096492322633919074953092512284517821493847072038676714525920
188,0,2023131631418051832229770552312602103757694179394661856978000
189,0,3726902767620248543742797871369069703884983686913940573742784
190,0,6854875901581777902087852119332353508021672102426630210383776
191,0,12588701443771856079184666794606730343928523113731015181782752
192,0,23081971851795341379585327372557944320198832421836818737898430
193,0,42250980243320234412204384339867662050338359384700340548990592
194,0,77200265323692857926455485526543032449175991553296930449260064
195,0,140785032670263588966892158607939045125909654241910539474075712
196,0,256204113536939869075565186718958372497826385937486784881545176
197,0,465210646135919401003243413214229394812437578875581634678617280
198,0,842754140205428261904309784742440483444070181906017684292003280
199,0,1523033480582539371458239083470098286959899865407710209243515840
200,0,2745759443114043936498164799593788462003007794046358496700689856
201,0,4938147021546413069715409904220372220635062990166116206287772192
202,0,8859962170803140735859393893478603322385170923080522003180720000
203,0,15859620637027448784517101425540819373127612034470632372513659168
204,0,28325421985103142867299939274847525744714772840808040205309643816
205,0,50478748589851877469604914254167755582694994457309213678794821376
206,0,89764697820715903988077196990058613285773894875317422357351158912
207,0,159282842052615307580925640032959560248718990383146462471442108480
208,0,282021927098491142382893444424090995095083813303916294553125696412
209,0,498210417767073165389976277572583808463511843433600367974301289504
210,0,878025934688029690637329190994693145641119003934796475637651601120
211,0,1543481471039592876325950109385030825516385440342498115980204174720
212,0,2705958945256299196246236124675158053001636603226516674051589344320
213,0,4730312210365005816225453731235197605193149771466007202828846785792
214,0,8243906878336811700580843581726867412431540438506049165986852291040
215,0,14321377692087416271071846950110028920767388563809967212124151952576
216,0,24796518363541985101678476089457354082816334297572343851098619848400
217,0,42786910628244253952059587170979439784606077781619375661108925441920
218,0,73573359726554297264125628542373324176322778647698214641916182609568
219,0,126069057092931715626188483520609489196443274417086389116262082887552
220,0,215265352363778737374422893085297717131750966684980459453191665199312
221,0,366288253900364120406075852572534120360867512472346021531462933159808
222,0,621099208973119534340327521908888403882562603469531395967073430604640
223,0,1049513714685380777609277785391801097588697386386534873349474422354816
224,0,1767226994845108033044722700542879476396498858034610342086790594920021
225,0,2965130389072035385513611947303936138725295064253318276554068042037184
226,0,4956674515181026456767149632998084860806912125389291959619005708838016
227,0,8253817382212855794131581031392489529365258329874125441392693036647680
228,0,13687795252943159408746001326568711009592708099299612570730899418658328
229,0,22599403740465752702837415288581364282497404259604789419284198075648288
230,0,37135781214211495972534248151534079695761717872957776894052180757006208
231,0,60708258175549982036719375814042535643632927600868495104021801244526912
232,0,98690397787903950564542412475658626834322576050751980706398536121259760
233,0,159468882204492844614245058804403402090029529425167387135170831955474400
234,0,256004476083878292945156570680270557264312512021486492736044348321361856
235,0,408117803627099183923924299076654006095346259583761394510154186485709504
236,0,645786290781798468136440638991541303764631669395246504385596880670848944
237,0,1013824080493634674511541145004216639353509943463116822130159420574738240
238,0,1578413264209042500754406601430588000447282493716270581064864365030584416
239,0,2436055807700861630982627398028557838140257299045076682670420661011198976
240,0,3725609147465658351174613577930641121762643562760417738545916589373295394
241,0,5644135721854769486206876839830174317552925650872456379912069276942568704
242,0,8467310551167649605981063042407531304961352131008405385464612244985556720
243,0,12575055420218362843535035007319123946260339039839022161685225656934242944
244,0,18482859175800950409165047566195645732528572982174299445351679888631373664
245,0,26878851777352506550825898445496331811982645120104302981698710197048204384
246,0,38666076008079288015340345326607357179348260269004031094325457493609812016
247,0,55008505451787036410015295169640313758985519050543552949730538906035104480
248,0,77378172579337268660947217637412665398583570090800249659552965946476340712
249,0,107599316024907811898934171046371376188886356282856637468861684358786936064
250,0,147883805165170335186916279976440869629949057269294436758104082053036280544
251,0,200850396818441126697596224337802610582042945241633301598174739129366329440
252,0,269518847675320677892505264572937564439041450505777337225236413117263677080
253,0,357268852130504054352982202383571345216299248869607617231050888995449241280
254,0,467753569043742384431041586737788948714168728249898656828901032138827565904
255,0,604758542959730440864781449299006557636954372335921179282461694315401188160
256,0,771999487597313260402483553493134557527841879109008807994979069157292159807
257,0,972856947109214855061788074603420392547660959439163012887838342285796549600
258,0,1210052349438936935634178561338673317824388316448782335417390899581202924256
259,0,1485278189889073862219884126396240566967051027149041262759311050287644943776
260,0,1798804440594577052145309709873955943522525059824780158993855264936091990664
261,0,2149092786404777667378969593981838643711456286768821795972505515654594202112
262,0,2532458593204737611286783216299768305520354316123358040624078636038183143520
263,0,2942826032947676146975160966315549380853483451399201770422070994320970602624
264,0,3371622897382696132198417360121154441042040743204384929246641996458756389512
265,0,3807856951615466064010238867188431744098506805580254896612212102222020964640
266,0,4238404395858913692787399699978344693921366476501749052839064386090571320976
267,0,4648523172992153740895537585160702624075046575509045186555846793607811289920
268,0,5022580618768145195620691018662351174968741479829183711287397254840163237648
269,0,5344958582841364208614432325380064903599990316887989655597421779736451526784
270,0,5601072928563795128935917719979049014509962615217816425334015225219317255328
271,0,5778422137971483426423626934896403134177659517301817492841307373810620185696
272,0,5867565527389538885345173946331865256377633452624876514756905817472825883140
273,0,5862928569008557073614561372855418866233447488818431338919748001188790590912
274,0,5763342896607905302878016237882132500594452324544697243946541065540748595280
275,0,5572251722584071858412252938737599996326162588825755031170457338413055813824
276,0,5297545431241432554367176756061292141362226969953768860079160072111172117424
277,0,4951032864518010379414612950439264651760072750039258059825140043506344572480
278,0,4547595673239943496115817555524515369702924176676613468152743625454102589472
279,0,4104109933785036822521469164599434863907972933776520439038279154245575473888
280,0,3638245443315788417755405519854569484432225048554290434416600510400545136160
281,0,3167264713784214821240888944153363887775660366581016717690316961254887567680
282,0,2706939052853022470118623915635880492353310684323317278790535140264137324560
283,0,2270679297896605350624934450320829871800366181731445483870469049645910085376
284,0,1868947281612677074565035600931489294733811962471779646098676034516525295328
285,0,1508976256775867072728357417867111903286453858582524105805392230134237727296
286,0,1194790340018490930670284000032072126404444960014297088747935637213263841424
287,0,927480202341053440507855971875027255532494696322414797100423616970627604000
288,0,705669000296553002938111230505403865075373072314501165561320420155245189611
289,0,526091136064362026183416253273555218273654294839368731514334885606587754688
290,0,384206871330494258081786709790924832849624599704973613164687035645149203232
291,0,274786174543715879752204487416972077397776447996932684318577804911982219040
292,0,192412214622412206137166517041558512156743872377846642465536681068491794040
293,0,131874866357466513104335436800208861747557762679127286958239924598546210592
294,0,88443950403423255940192709733891655832625404590052297808897862637857860112
295,0,58028010153041447621593165275163235472747085046324912392726559977185608448
296,0,37235680603331155513376349527056886249993722166231501832652578919251554612
297,0,23362736285051929412344800836120870337904955897733035373364854960567233760
298,0,14329265332769965080317927017244105087167509327164847975366846041150753184
299,0,8589254077047748230134170820289175140696702722727144037838914858545637600
300,0,5030561306038663064621421661405374449871726665720180977949462126856845984
301,0,2878113432462139083219500144003311448782656587726497753463702161640574176
302,0,1608176846602367549113035932676678888996264107728727304843179283504606560
303,0,877407282426217538407579038968237026166569713108814351791262511349778048
304,0,467326627142494831998451589237725210489646042713803697738435277433681816
305,0,242943541098963499345881530168395818036339486035670714281416397921140352
306,0,123246000530899535273269568742671222219819079724509720015848186570066128
307,0,61001929312842576032348441872211208837689384241981233484906127152495040
308,0,29453827123573818268168591342336852606216261714750921986384586408518808
309,0,13870594796045358605555158505032231838035876924472528855968721600181888
310,0,6369934969811701892988733562900742136428648458022496980645311606800672
311,0,2852308281369098855924284910893719436598641088238249878125706762280224
312,0,1245139651689438939558850244729573590972527292664308594762630082065760
313,0,529836597064563210378052732542783760989620808700925012347202559175520
314,0,219742367304259830053035293653779162885110135992997764784308656430368
315,0,88814263803701835388489148640153404079687220865985486728432628761920
316,0,34978501588657498465680842148056569485874254918856927518053447834288
317,0,13422239751306336069685850616431338411317602960660099237730936721280
318,0,5017795878038707849815360773135497974904279835966326292568610369072
319,0,1827372588674959072764421537667700067250006844149689920032010682816
320,0,648234448799750930878166625410882574814539232330814805537152790947
321,0,223972886333589974099900699072775963340034684759012346026638880960
322,0,75368014644366581094490878066854634389501511836274780267082374400
323,0,24698991805293113727408396213767455888263149307458735194339859744
324,0,7882177092999117573401768600838897937442975275427341387820651584
325,0,2449424484235087657644661544619842823344711219191333734356909952
326,0,741157405397687299090240712257522061158302973573892379415841632
327,0,218355557197254957666707074857403773639249572627070005781032960
328,0,62633292596411728502592252189800294965133857966642425393785332
329,0,17490967196533954818400822103740318648717947746904322742360000
330,0,4755220152109460261148728462128081355237413764495290320230480
331,0,1258508482207774384988043044735874560042421590645467827829056
332,0,324227869630943250639447277957492942322349624782769745076800
333,0,81307802627876357360101052486468496186626195721844968577120
334,0,19846293448771473911951172204570426801497260087855478754944
335,0,4714847611932163309818042214878238238987814477453798510176
336,0,1090110219474050164668473475497698475985549029778327675574
337,0,245277806607900718905648410164780040905004890701765403520
338,0,53702984180694175091166683543956030843779690698952044704
339,0,11440742871182136253453205061032417510151541394856150592
340,0,2371289074719977465013091307515012439970352236841269088
341,0,478126686600104417044620767862428677282301642633250848
342,0,93772974690884894735152681003071417804522726478081440
343,0,17886701177247357192576125153729194287506077080662848
344,0,3317685313226778197840704715759297851044299936800256
345,0,598300264960511849320366614623236615462053013215424
346,0,104881842719338509147524969549786950744273751724864
347,0,17868457942451680315268687350498989354896955593920
348,0,2957859958103312876151978035387533602199566384800
349,0,475618348407386631867108510781697517699932826880
350,0,74268425843658590319470061011906820137691781152
351,0,11258354204296892908461276922049028006870904512
352,0,1656212517972941652416323024980258444758324890
353,0,236350515729296918750624656600831007546768384
354,0,32704467524509753912503636961401211360778144
355,0,4385895945007741806515283180010450711427072
356,0,569742785485382024741500838941114226645432
357,0,71649417795717539721234459218360610155200
358,0,8717192414816538960980621922896054478336
359,0,1025314655371523438960621377192686961152
360,0,116494832810948458213554736219932548972
361,0,12774362370035327090516081177935692448
362,0,1350596698155499762059224803915459200
363,0,137526886049840394933284708717319232
364,0,13470704654373736723554325417294176
365,0,1267460163207273292884642297512288
366,0,114378670688043192332545558002016
367,0,9882348992552883495443256373440
368,0,815857029255590211591984919972
369,0,64212266616770694759232283904
370,0,4805465744774984621075002224
371,0,340918122973219164164615616
372,0,22846702109714293222730520
373,0,1440255856356404167163328
374,0,84982247125634999447424
375,0,4665069604319294213856
376,0,236474305172755337448
377,0,10965206670884428320
378,0,459481089513952368
379,0,17118303021475200
380,0,554243143594896
381,0,15075510141312
382,0,326007167040
383,0,5050815264
384,0,43046721
