0,0,1
5,0,13440
6,0,73920
7,0,336000
8,0,625200
10,0,84672000
11,0,931392000
12,0,6794928000
13,0,31162320000
14,0,96246360000
15,0,528852240000
16,0,5659807635000
17,0,55014785280000
18,0,375371297280000
19,0,1884887625600000
20,0,8046156837600000
21,0,40013577752400000
22,0,295875162487800000
23,0,2320606066539600000
24,0,15265605057957450000
25,0,82226246917651200000
26,0,388571719752216000000
27,0,1920480884097048000000
28,0,11524498306158474000000
29,0,76801499653504626000000
30,0,481317211390110240600000
31,0,2655789080137015914000000
32,0,13232113190029483095937500
33,0,65099986052836512960000000
34,0,349631820175368669120000000
35,0,2054199883952837353824000000
36,0,12082569823969021940472000000
37,0,66404901186432786609450000000
38,0,337980209635360152974295000000
39,0,1660356322745658985424250000000
40,0,8385861851113605638685018750000
41,0,44874209735685934016212800000000
42,0,246516422750120024416114200000000
43,0,1320308888922684332809137000000000
44,0,6722072689956124498470222750000000
45,0,32896636572530133952200902250000000
46,0,160295379001422419387814055875000000
47,0,802658376629998050015086483250000000
48,0,4130816431095082181716577892703125000
49,0,21255029632250323495786500300000000000
50,0,106472111022941114439935266320000000000
51,0,515951024915747076847705323810000000000
52,0,2454372107640480975713052419632500000000
53,0,11728353554966986501237621593896250000000
54,0,57014258261311089477774189593814375000000
55,0,279831010489616961057091453184936250000000
56,0,1361238506582383023531369765639785156250000
57,0,6477761771071782292691848928369700000000000
58,0,30178760468381919097908375428732475000000000
59,0,139322635902960316492734827812808775000000000
60,0,645994613266179876884578153184791526250000000
61,0,3020703786867969152736805659778144256250000000
62,0,14137492442985432254970969054333831421875000000
63,0,65458635789756574207790188970678048531250000000
64,0,297927464768189603847232468184440549384277343750
65,0,1336348487396887339986606399295506526800000000000
66,0,5958557649211822746516518242649248148400000000000
67,0,26615985277863026933887480521546947805000000000000
68,0,119222245215691721937488458676555041700250000000000
69,0,532414693271601078090431735179125440177343750000000
70,0,2352862995657524669862565340300185993467890625000000
71,0,10253973315247272393323062777217951905438593750000000
72,0,44174105699556100731294169281483226822925566406250000
73,0,189225467240794303642405665266321087716350000000000000
74,0,809860907883446728929202814336085756270665625000000000
75,0,3463733462536056549360349209413983925309146875000000000
76,0,14742538989922319187309411204033679285353372656250000000
77,0,62127937852177852371669178981303117447892852343750000000
78,0,258612213615115173342274677075266811574060358203125000000
79,0,1064980561114985663961657405304141460174515511718750000000
80,0,4356242237273801966737822272543963206590815567626953125000
81,0,17759562201435182054188760779612057086107069437500000000000
82,0,72182206282027965733098190980367305877066667625000000000000
83,0,291647274548125884220694048947961720391141158531250000000000
84,0,1166906841077898185985026113604386799299478771320312500000000
85,0,4612974135781523958429462631149919514989207264933593750000000
86,0,18027796920154537482542313901664513922007242126650390625000000
87,0,69838597624212427950773323227935043761866855853496093750000000
88,0,268929964816197023653079371717865913205459457101589355468750000
89,0,1030182002842776054329281697151823338468095231597812500000000000
90,0,3918621342005734503366290265270749376190520887081828125000000000
91,0,14753162066375858941550882219438476787535179835761953125000000000
92,0,54826657940588315118874657289768142118602520049794042968750000000
93,0,200975173240298895846932350985012669907165927876772558593750000000
94,0,727692108790834030714029330878799518205715599179074658203125000000
95,0,2608705686897480349464413758040148710488444566411333574218750000000
96,0,9273129255081904229418640960052591062618742766864535717163085937500
97,0,32664623715267824374232428316240665300119195131429671875000000000000
98,0,113706705284765069298935485235900177403112570253676646875000000000000
99,0,389745514376686710165551315717463401395210478403923085937500000000000
100,0,1311679372782238963611930061185511346072637807765093779296875000000000
101,0,4330174767434303043700029709377255779449594155567547448730468750000000
102,0,14035612301004299060783140223563191069322314343346960870361328125000000
103,0,44752196600480224255353688714938337858984193040747013366699218750000000
104,0,140514316582506044151768468208030152968881759977088244544982910156250000
105,0,433896765558240336594563453578707073274514736152647923828125000000000000
106,0,1311972575361740024740147548627626886007339466909745110595703125000000000
107,0,3857831053688171352049643644755355790840751096855205535888671875000000000
108,0,10941658904937542135223866942957719489942038076547060287170410156250000000
109,0,29686849145508496045195345678614822688617330293620698234558105468750000000
110,0,76476402337123723224811666973915698452103076671506750034332275390625000000
111,0,185845033172460352711882580725445434212727050146798467369079589843750000000
112,0,423646512042637341762933594213507015676461272080770668513774871826171875000
113,0,901412597604822393730791065661696976739817015724318460083007812500000000000
114,0,1781862019058364075397461568670340012082311236687629248046875000000000000000
115,0,3256883185392753468063084241767762291764575131957253129577636718750000000000
116,0,5476547960342193333849291135437285586130648106758128626632690429687500000000
117,0,8423836174835447540813048475364375190254590553336589999198913574218750000000
118,0,11773863598645839659213902855366795175612051880494617977619171142578125000000
119,0,14834325465936739501831669017652727003724570600654527163505554199218750000000
120,0,16684363532625727756099083039927190889532655435005366799235343933105468750000
121,0,16547418480590153029639907428183222218867541892249914169311523437500000000000
122,0,14246860628116601164450790008282870138324338151707628726959228515625000000000
123,0,10430046177474638733455448065750227317874310391859238147735595703125000000000
124,0,6310821099046237210128711737898532812120993126042596697807312011718750000000
125,0,3028253700864400795635689519551909759926024030780403017997741699218750000000
126,0,1079656421393461361209967030692430743796957179161643087863922119140625000000
127,0,253994362710529738370642739156494756444994938338503241539001464843750000000
128,0,29538183699148659306050193549226287524071955998741113580763339996337890625
