0,0,1
4,0,384
6,0,864
7,0,288
8,0,75264
9,0,1632
10,0,332760
11,0,115968
12,0,10390880
13,0,884328
14,0,65388840
15,0,25108464
16,0,1161210432
17,0,226255392
18,0,8832714864
19,0,3929655408
20,0,112329452412
21,0,38028322776
22,0,929918277168
23,0,495491046264
24,0,9683712509272
25,0,4828684728624
26,0,81763499628948
27,0,52790323122760
28,0,753158224823988
29,0,499646183642976
30,0,6262578342151312
31,0,4874572219576440
32,0,53248566323647056
33,0,44098046798048320
34,0,429310296618728040
35,0,396989362819646472
36,0,3447235482600466536
37,0,3418150363300717008
38,0,26819143555311855720
39,0,28922743965173108776
40,0,205904643915915397014
41,0,237332346045637539240
42,0,1546122331043051900812
43,0,1907867598709680849192
44,0,11431263426643612075032
45,0,14970782368157164753776
46,0,83022620585052733165284
47,0,115118679064001371294800
48,0,593841704278136922769844
49,0,867103941125722630379280
50,0,4182301877734642550535168
51,0,6408823986078274740095840
52,0,29036167004781177221502498
53,0,46502599380723986210193600
54,0,198787805296866020159311740
55,0,331589915567343527291634024
56,0,1342961322633370672379752578
57,0,2325051182356738090921651464
58,0,8956709715256709841149353320
59,0,16042898871413864341130822928
60,0,59000570893425787294365195920
61,0,108998074111329936038447041848
62,0,384024603554320991086309861788
63,0,729616624912486426420209426272
64,0,2470717325508232136447824988736
65,0,4814429266568948847540991155408
66,0,15717899524509100071575265908432
67,0,31331878532917126786525372162392
68,0,98902737813787721091496341586596
69,0,201197676675330843224820315051336
70,0,615723919490123966766127888601388
71,0,1275390562287978621802648578266544
72,0,3793487205659357717226853761968540
73,0,7984065985027537849768943814638712
74,0,23134862870159220436710185184256800
75,0,49377689290307124445437225395815440
76,0,139689264424876978919114623600007700
77,0,301799033206509224203166759932529760
78,0,835239671301793494750005563221340556
79,0,1823602262772065252592479733726960120
80,0,4946391113496415349817091465952497089
81,0,10896909549952598759687961737640121456
82,0,29017915745422887748569737993431221996
83,0,64411701503882026403774794964944803552
84,0,168659270910646920234336373553988785566
85,0,376733119819874875307191135510288646160
86,0,971363115126097054831456239973504666332
87,0,2180833368081607126578524628155930532496
88,0,5544181612271249044808939511176165330580
89,0,12497869875454531920138035432391884066640
90,0,31363985755214506243981537386885838069096
91,0,70920714619896979682544750774553800687936
92,0,175878767617920358190415421831755929189454
93,0,398590125048660270568735158124008379209608
94,0,977758594279017389278322066881222917290040
95,0,2219133310258396476087489886906794721550040
96,0,5389286217883068011083503473367705548194742
97,0,12241242037548826586654863590857063324454552
98,0,29454757646183700901174316258787206425851408
99,0,66915952219226376119988686340376466402715000
100,0,159641430250126035195087632908521838731828180
101,0,362550176913424281177099383969031087493534392
102,0,858106912429266902355610318161879453564115232
103,0,1947191631339209817881212635163002157414236720
104,0,4574893547706610184496334434025076646174982959
105,0,10368480607676574463179745611663358993354631016
106,0,24193637476837479515926305392423142270931871724
107,0,54745357517645756145299460304555540493091926568
108,0,126922150773891210902386940271986303402824538614
109,0,286656320732732512117559346447412030234671195360
110,0,660577906533460789432255568293585107256728392124
111,0,1488712107436018305445880286472439260121466110160
112,0,3411097854740189293492582597058113779072609154215
113,0,7669104372585250401834731477300584243401507158568
114,0,17477522647863447330545186070317768055916125873964
115,0,39193143466337614631446016362515805722821985167160
116,0,88861188832484185975664665004127651829685030306124
117,0,198724346393143960273059071987419384210096201659184
118,0,448353816804495353574796762440407608141493344362096
119,0,999790466152375451142492137133121458310220875229400
120,0,2245096813896746426514343157297233116711007190805330
121,0,4991404844066695161169107029145377070649462075649352
122,0,11157905341878343740446748715085217427857583123639752
123,0,24730286970199578982159109863306500089709494910362880
124,0,55041546759208549427379244569576024615551380076109294
125,0,121608121653596353453179612774805765189617083325905976
126,0,269516233668376378252671865311998004019669246303188996
127,0,593547604962221628422115649978008380833511571676747776
128,0,1310058186761306054696135441439625061677111575893473140
129,0,2875667509033389324300140795030549554444997705698137896
130,0,6321667528418416870659931328219465172434332101336302892
131,0,13830590301791192733359700411009000660942607775286564720
132,0,30285254192369834468312523969574353874486625847925383650
133,0,66037223185990515294316518078542662596759487700529848712
134,0,144049397521538706965754334398119125974582956434036314480
135,0,313046207431648412301604697201502062507670134380352112352
136,0,680289116535494648332323618491931686966164690876090437696
137,0,1473410153042647719035052568651323506800752304448232058488
138,0,3190051687735056471322590758964407578725364370873105159808
139,0,6885841539391854568828140583792363555883358707584165887216
140,0,14853998464327895745559298944606759041060422094731675088558
141,0,31954334690382721080566089627463896575927601315126575373048
142,0,68682944516734033174419537477768781730403654797532198501588
143,0,147252227942676742256484482832243902167063869746585724917160
144,0,315378309065056773287753539605036823787053862191135111585688
145,0,673863657301809225481473839263521067982762879628306499821864
146,0,1438165035191513078800767345069050747797676428180258177879104
147,0,3062512137105325108258822954614459920639732020839795759263992
148,0,6513213872434622146229166727462734121623425399601142192373112
149,0,13822788605190125607712433422469952006537678861977037127705032
150,0,29295876590286489659520229217365455561042322483954124603339192
151,0,61964214227337795607248244680213973385950803429029606638268088
152,0,130874841840026135596548575099587236618057785709949159730675220
153,0,275884942970903889212393424712696559211822613182160954551722816
154,0,580707544650971234107240081360251206273689193113263496245732708
155,0,1220029040066601436570027096934985570295671608976639956993330664
156,0,2559308624801895522755870331429070147112681294871350579005298156
157,0,5358951717703181162769295214439412181313721100073642147976889496
158,0,11203744029912593702811353225450916202266240158602540391487705576
159,0,23381291048227315770303596696852780128076319091877820154705239808
160,0,48718020326354209418826624511334514269933868652354732988975758974
161,0,101332011047321546359994834574408686690379592791813530698626766368
162,0,210432019082250456647754501675887901383137568578459514032908796620
163,0,436238562880082978274013122653857243415414105141521066393283911464
164,0,902898115815258117714841932384611508784593354222264873729907996794
165,0,1865561203694050621134479201114597708731731218400964554936275560984
166,0,3848385900225829964430516646832754717505896444459767519645310659004
167,0,7925214232353818594188340818287422486317055424653559247222675291752
168,0,16294418102597678220951378086357328637874684121542568581553558858035
169,0,33445352318709447789026533680841081418471754702113633576649567901056
170,0,68537163860314787335596273952770430329906838078038972616255213849896
171,0,140213616878593061513705378550106375109995705947622317992797488106672
172,0,286382405244133371626482324134954718744095244048533554053613931081468
173,0,583955667274701219196735821767264792979668850283438587199485599934312
174,0,1188788544285648303833725162019294340392452855958493095418757158169304
175,0,2416070919622847617717869254393726433702299375226149259373315619829120
176,0,4902361881224416017589443499921542634714921801873308377177995820820132
177,0,9930787371435516772662266566686438127534493705618248580339602681436544
178,0,20084094726629045151300062010008688991488854005471361776180208249578896
179,0,40551342371865581874598272722168363608671646137398681018899720502296848
180,0,81742558272020582566628976007398618410796318182517819240070319449488852
181,0,164504179822851821961510847580649863763349354160484258837798159876293400
182,0,330518265984249599653570788310817408986924900036590987692849345134860192
183,0,662980356962655718434096581223179808274064728087696838720999883058302744
184,0,1327686274477971581515166755685845591868671758470791611715269608566383582
185,0,2654468362808809683092506502127954665826372462490088632396429318964926704
186,0,5298451860033848023196566393118971863144986522836097739984265249371086156
187,0,10558641417029665524409555106726500344589191214934556241281115556860111560
188,0,21006616221511630276647750641400549311733270331016864790308567752375861956
189,0,41724566550285752742929817777897340448023003969648244082410063304947428944
190,0,82740117513135854556523969037256363060451129336110523669784863533872930952
191,0,163805292280691266926376235001082472481893003700782202140181170391263660232
192,0,323763377970100431443623730099559691489226803601177765715542150585308328446
193,0,638873115126608848038729718397298075877064093876726362107407972366453286384
194,0,1258603089900463231915359430202681947782253790043151867292401269928596498768
195,0,2475423221039182660268120939617607076722354426610261668615939227263806611480
196,0,4860674764541525954297909944852195546160267717504918587904647749307964288592
197,0,9528605317581717460144351210279482352082961325298644433201062156423616523984
198,0,18648655961938027486842378866699391559932776878970692685969885080254487556320
199,0,36437653466725869051752773479855032634350924732553907726697743747310715417096
200,0,71078378663280407641776087168002375410095076491607773705641415324014747478570
201,0,138422947001229936823674327654369500788453467373880798399895876170229742638648
202,0,269129666466579151369627915666864866024484115485959616901089767850294302518004
203,0,522392742661118177111838143179933583209445693172302284197205463609470522255128
204,0,1012311300639568195318147667155602179270341092164019773280075791457628503808336
205,0,1958445727533666807431412681222628652208853986719216783210289894081458294941536
206,0,3782584986515711961870563818036375799217143883350422761873138227731051305808692
207,0,7293644542919275664198688377265620321208750758106204919621059698916301177926336
208,0,14040362553478431988116966300928930276154398617612857202917024604686398512692763
209,0,26982914113127310731842188470243550459031287690020884226027999078441728043386128
210,0,51769641594974628743940705179783059368069713899133445498582801734507769916303248
211,0,99159912202565511930288849822908246397979412988778025951215110490493032686723360
212,0,189614110885986188613951147228353785933725579310064138854327205955698962743102726
213,0,361974120813912419761751023099723109906305136491760329857694183637090765306873680
214,0,689851344997763923696325189786438091192044126608817658309544075627591848088534836
215,0,1312512193004390361862051751482210170820984935576554049168695660775863368565385048
216,0,2492985168598717441361006311764221245275048532312504642896469072796400821071210752
217,0,4727191319223408441341653101716152423365853966434904923427588830781256986004691528
218,0,8948544064964399310227034565936682552952943424878951297838704811210864191870527864
219,0,16910865051783719045024843111502112280675907026455475564515615369411055895987853968
220,0,31903768786140647024519146405744941204789260785147613308132033994595597445015970604
221,0,60086831602229443828939926726989475997751055376245853046897764023238970358838701216
222,0,112973387058414163900202638217927644913784270349716048137715118901088149720224401380
223,0,212046375436056884272622413566925757525283086208346170142648880677461608557545590016
224,0,397321160185492518204786976940538298851977935616661057145169470743974726231086928283
225,0,743202053531978150952948782461508663753625642497450434233488681165045432294442091072
226,0,1387792856999941569969601920823758251740153470459118134733363234632461333398798215888
227,0,2586979926755528087607636858733907056540706776572776735269094113289168442179578755096
228,0,4814045667297214522434252966757205821725331782846098994033484869494215256177227368564
229,0,8942812116587594807018941622393889813347115944693752409424646619132681205979991835120
230,0,16583749390313754641920434688483542802666705622687583230623887154493129912907624798012
231,0,30699688946533697032159467713253938891408244947938466044360551490107229267744244698968
232,0,56731688508826561857749490584367909555610866176272385029817712103969410952521966932772
233,0,104653975484070369321266381485674844256116012623793247228201970019930745659145663662248
234,0,192717779338604833702833265754986801339668228223042593677903668687757949482358162693092
235,0,354259540381982779308807426837745705828439774579286740694422246283323538119233441436232
236,0,650058854909418852661326925709883223654313436236334195640976864437328446802418945465300
237,0,1190728442222725469644391541535956239738653444278675186131734886196506038103304173721112
238,0,2177204469862197292079848263595984706120819983894939954302752765378361862444748680502124
239,0,3973832928799029869282164180321141254317002528911079049912679641999967922500809620548336
240,0,7240045321573170960411580850075944739352350165299628770697670135078409327487890701613909
241,0,13167144303898862093772294248084552240721313811257625720408548353714784081307922115218288
242,0,23903297131541899676805613431121732450128597182421174541816053343922969695022884066755972
243,0,43314882637837935685358848448251343567296571803087441333334415107056257938999635359739448
244,0,78347788249957505493571803412613203423972821377430115052066406175649019971623439682107622
245,0,141456755502309799193506041684842933970405152387156552046789923035672582581039661047609528
246,0,254932390919755950332408277426469529769282716855464278445139087066947712327381509339386612
247,0,458593268910885343001235299557877929862413387597728252259544658459249709634608727799794400
248,0,823433541108779217587980487174094161489183881613931851367732223676883215048390169303323148
249,0,1475789694401571234408729979844561985231769060610493026885504357462442091323249199405325176
250,0,2640050233369814072989629962672159279889070262688615869154083581115521159060641596876409024
251,0,4713987101128235433817325430158377498143303046381515620666343318415330861571082773951813376
252,0,8401361772454153451942884502603155141150180105929620045029691882259633235392646276249068446
253,0,14944886588634738211858596897316617221916296108235370908535169082804716475830410547519063688
254,0,26534668925829998159005600452732222027340199196480581354794656830987793292153262293092400572
255,0,47022880917473569445512916862738194731300511168512316940014117427293020750642186836551886176
256,0,83171709315350691885130505596105585678695205046184377954405955212615450013457709332152900474
257,0,146828074232033298946957068876600932795899689889987825329397855102985867948139168284178481608
258,0,258705601009998283279882891548424841086034610871438464359273838493300836669951170001232687112
259,0,454948152853092710173479670145501775753131032177907496877603404462017256574616233557823107120
260,0,798497095481790029447289946531893238966648711172596573778100941726747766036719485446321343122
261,0,1398737017558179491993589342772422363076617720350397213895366322684054915059781480598348611336
262,0,2445377664808723941388239508602344218483846971703016881306380609960716746029947887304133198156
263,0,4266765027008648599354691812516022017650543387263406344186996437295477248602686518158781863600
264,0,7430022155290476549580525693611852680219678933204478750014775794317764063843512272426589236369
265,0,12912659084430451849328616252873602025998369986484875725448348575410019047157872863141738990248
266,0,22396026146144963810750518237845274196568639556374260582372245546479874572645271788219235346160
267,0,38766033995128139484045269584895551649465264147282463014641895294667852468614347059429342288416
268,0,66965672584703040275285268971444194409182826469683787979478642635551195343086135828034746740310
269,0,115443316032917271471180100500350241768150822155737986366689972597952748649261692202507268725928
270,0,198607749892699289295741140721780462249694741455267876358427894107122443108207316014111817472484
271,0,340980449484334087857439072516533769018174257216341804175883444913199451459339316660606415736608
272,0,584202766186722465662893322209993101059965254733090331980368125025378795824282743220992032262647
273,0,998834271434424649440908907573361870700526008179945514016262959486999485927808467138001928381560
274,0,1704173119067330646399549195759443151181411394122303438919063324251253298056770726701675454892916
275,0,2901476691256353075410557564226613306460598721295652842847409733581033759690420923886668596694064
276,0,4929514038982182543879332126615352909409160124727685284725289203200621443553940765612665268938490
277,0,8357246575611523215530695928781496322841797565113731302104454248636017931329023049778249717164680
278,0,14138090011441698459356996923700250404960954351394694653435596823323417125379154877963672395387096
279,0,23866069901152150599233860364682943548268550001461668470960100475744725568697558719369759346795440
280,0,40200163820667557400740081909692273328366266781670365777819173413314179180052345921132382577984218
281,0,67565575531215133789042579014256921851963705729670073630562631673463091128135435025248324807205656
282,0,113309874522519719196360443302778744961052205979163615222025617984934750211618787431935508651203176
283,0,189604401861126165751061943544244971235346397331282635548248918735999812833437080465326236935723392
284,0,316563682081825144278236661396004317131678724033520214723649683245666144437234188040208418647333482
285,0,527350413433371480084615406629658877860429646604335863242752399280790527321138270937742971543820128
286,0,876509058420698229747346792606105271911951755812644081094833469252028593222260483193301846150505788
287,0,1453535691752517265079898153760481591793672861822106260467123491300542436884494770581024716997066504
288,0,2404918106992053300953310173375947266367218532940089915689255307787415109772000385808925506615060913
289,0,3969841583103184903717343135558980051782555397149666987140318110661301748241329984573030384821525768
290,0,6537883969755636903881150929420788781610926342973421798810408258220502101045474070055116783952608064
291,0,10741998921679873202036860211684593139852053858027887682514149396159971026997546193618930894992689240
292,0,17607975965262017931299123279338787099750069151575090450772070323297368398046600617454226071735343264
293,0,28794041950542813619251353075567664905357579152916263346367983722242366026269812015646684782581093328
294,0,46973938206786008387155700007482763802587559285258480062778217829001333473919131264360810352347747352
295,0,76447727668976120468825979365765494139137424328971488441119822978755348360820470225617967746676639328
296,0,124113045197187810367435897632099049050545908433803176390132133472369630652868502793183241902831388782
297,0,201005220524074381124318335426727033709126823757952695559869583286058431079025450717574163009148829056
298,0,324732644779782571745101665572635651889523161297761178752247946719150753930100672174048471507166355616
299,0,523316894545529971300607146852684271261353171882366608495116736085245360872498278567249275120401688816
300,0,841230620202526538733135936550690222776807083120081654201148661073267781167663108597096612934840723636
301,0,1348863630310774244447317542426125014364109029737368093399903282737744487302910880029900671468666387904
302,0,2157320357179635819056405023222386151679412358749525632641173358018903619433578995817149176603911043576
303,0,3441483175694518444963798621816151685415306754911955152921097132733084378873795498299097973035895346824
304,0,5475851676639793042730675428887738219906918695314044262429973597438551333348290429570974077072071974127
305,0,8690067151344597105239786278390014632578533700930865764004535870405442218465341368002277749846892941600
306,0,13754672126990127962522765065278915778362797826104770800502559364427941365076530739491570507777410312620
307,0,21713159936937472283861435831893701927491990048584431886481084493439069504111741538018569641166070616720
308,0,34184664542638453923447746656074484132215280822133883072852645725601298297873662242129348896490814803358
309,0,53674095308796475496398318986907409699654501802229320546559973558980106501525459850593365512890615245168
310,0,84045152384012251717982220092505711349983291857039143839335932183014694401273235647322477661453156257404
311,0,131239425390330201550887075563758653247115953147490433065678260765414643218459875744246792320572813341384
312,0,204366005188332469181989322296762295901237852134568641332304490183144414163628673700745002123245388668677
313,0,317347015210965080373303808357402261801069239169016902619175197145461990987532201391635818493811412550408
314,0,491394303692953968606029748108716473402551464601654892494919663258547614478403878005651033327015697435112
315,0,758724361637656923378579681687379187620932442734548010857410898666546164282728666031081278499945063708832
316,0,1168111184230371173246329850853138389362444847827289615089430385689219059998069582445047081958482456151536
317,0,1793157180449804078368309073295673595816520670117970740707338975249705388504481909082617914368566671879312
318,0,2744568589072050980221149809295438441303549134004323940925121988531103374828302610119475824031186287874420
319,0,4188308234022328348226789228201407651549547307081817101956369428537926425226876043253883387107543840940216
320,0,6372340877811669726126753212217207500351951197162876882856343737460659159522511923657209042579809120754527
321,0,9665891275149907174785350231352406837650734359132338064304218471292634005202412696032663706483912644440528
322,0,14616850277680131165851107711783764149162707663746799514583327960628784950824652176151205717175326108687616
323,0,22035394717989292572350778418339285254603097021192932221034899217653244434845371958544149892487771746321448
324,0,33115313844862990428679110620535729961289465047294022798072460313488282458918647773174936290079991840511542
325,0,49609343599576777373256128469093354603674414953827412881572762057111774450848671007236739053863365393801824
326,0,74081522626062768375188366405207208905912290874314905825158834383569514795922928550671422786373472337992716
327,0,110268905656697035850131950738883589216787457248066976777515716123144607619060027977006795290575016914744464
328,0,163597845429304902037182589143107441143485648623706731242034332392798095275455674108788177793864504332895778
329,0,241917739958308563438186662575674874012637393001272579002941115309592510654514471334973726253618633759892992
330,0,356539296107606697988508083696393411227509194733813850622037048286141024626134742837739378714528454139448852
331,0,523697154148455141069472682852397605970840727668338448555876112228818337186037708799688415824441256876998824
332,0,766600969645097246946739550581212027991335190876092878242383323876834087461489780290605924880854269383244872
333,0,1118298383625232838744566356093231838935546854994658492220470668298176181562046355890872579472380651434722512
334,0,1625652346637240792931611559147108728256652716409550157135901411954896973608703597576400628588519755689057848
335,0,2354839815441877534506337946643116597735668873007916225958397930319950838424811371475988988166513372661276384
336,0,3398916160756121593912644987772358895335260595821832222857732496111706658395066429514973007876481126216777632
337,0,4888168624938685046617252780128639831793006170752668181771801267719737165441143677093096993908136437554160480
338,0,7004213658279873914673836288692375609547843251759823523629126020580798358110363188156080402074960609185292232
339,0,9999089836921114367430249184299891287700990248543731297135128599337104953069382900282322788218996139091266696
340,0,14220975424845962702606058705167421482641689058846381824530702929420838121353660453772826983332845683824067054
341,0,20148634782839619636171211754602184069107879509197439605708904560517742565214914684083215969464331447397727808
342,0,28437290030680596370980923897531619182994347987184049178068434942098051920193186630513166075745218785244111888
343,0,39979344400617775269757742004304432515318392477617120059001330915596621687190286146055314117721409257187438528
344,0,55984272919597659846054466091528429017058162794448208690474524313366419280112726792990997978739228889833966948
345,0,78083064882361387460891497720070613194966823289887278645245544166019392105736946149324227495056463167784407328
346,0,108463868445343587782782640633105894428668543431281609322374493508574569249839607662614283822957615768099946492
347,0,150046961928510702953044716563857471423799409257431793012867068086639267866876306285753622507112574245610812152
348,0,206708860255114206540347001559368264610409794879648932899529702886769793678570665623875373321189811179162500552
349,0,283567244154289119002058002981964873135089779421916528660189084307206748780309132580886667777915356134215190376
350,0,387340438043890412296108921882754644333402380551381710644995608804002337840542372761710935302576430510407782896
351,0,526797293694661134872988389442002979966754280331876466686539354047124674829535890952500377886939835975054365088
352,0,713315455527205401358360221068243471323893803716215484911528031455455558239811768088673193291180745211483232580
353,0,961567935157424983157597230441600485486862679553275340460183862700739713166408655838230384025391573544426020512
354,0,1290359493298942978949932728458333884933136217431010291780489411767932960344432982134002696336827514636526821700
355,0,1723635232315006867945052277011939300077342579335032212758537161845470327198007279909175997914954837495257138560
356,0,2291683680535243517966956016232043870585967010101889536774954425835496146156047749488302500214484044016768431218
357,0,3032555055068679620780149498290416280944941911729942941469191208057882551302560087342719274907228767561154435208
358,0,3993711796520061789855305231348480723505585686758821121211505385767044790538891941813638487399051037559951529768
359,0,5233922277375550994682284052821211256699495282423814239881189503774617936601665064138987647903532528933436235416
360,0,6825399144447213359605451542764027936040203097572577036817487124167992683285355325639651922415698359731180948664
361,0,8856170396331890949527229248089813896249010963592812932006593564049260717628195007329412990928857979927918109984
362,0,11432653386858488738533224323438402370818166148429102977996133837692140722864457747764976295438777762941684053524
363,0,14682378961109362016201917622461411980098697164773005636540615814794264118349557965314827373106179327113547194616
364,0,18756784550756659587665991392522671247034823410301922724919730150334376554371382888210315850980443720412570937194
365,0,23833961276895304261350648835887641011086375339880912101681996942693320663306573285136779235790437103429970652864
366,0,30121201378327609858289233275513531462026039488445705199634352380122371905571564728199150818917881382427264371360
367,0,37857149641934914078058407063703742673102479438454587120628539210336739358210140305192834916946002466314357182624
368,0,47313317736260910539754671623448566993757608103318219649020939263194254035809744112761433914460486126672065088647
369,0,58794676079349705121446389527216723350058258198061062298257255615771150542800109548130257063759723311973451001816
370,0,72638997698590627379938768936654740874873808413581525452486116414701226906616807385356229379581283221917346494388
371,0,89214597033154518815775166909070565207199544835978561872998344764195273904726938974545134368809027198203887818120
372,0,108916089270767097201384895734877286205888251936651880391921386832314865114172445663528020175107947562414059980628
373,0,132157798809446326714578747572747566029157690786398593578431148374155650344637745960880010898094743632429320444816
374,0,159364475395317563238919604289756152810897742564179877880135126834221238387168866398744024158217328242509671590280
375,0,190959039909461520230627940205284745027630483468902550028333189383614617569487404302633914410560143895603881705344
376,0,227347184385184422187771995192406310072057014122449989200375610925143319018487215942091275495524486088893857822213
377,0,268898796754123032173961804415764990803974132598228786084380728353299330299072572506378524548252209964731790366496
378,0,315926371615301258757739201459381462302313834124735083646341534450647156470759188555606477994077976439079219623096
379,0,368660802013305095680972135006936668416670068989749623944736546879850225400010899164824465870944910770905195816192
380,0,427225217312827274233834965799917733758980115263945121911893232849925598830611470551585598169824397407361258654016
381,0,491607826999987475506609450621542096430397082218261107717654014219483821669803305191902396364876663192079773401248
382,0,561635032135828270519399974057320087306938891375603869324729179217374870898020598524375318783274046837588403082648
383,0,636946352071844715380491878015680961339348137355559355867472232565292344973736630970655979214776295847693509817072
384,0,716972955777639731034197444289033068676209519276635344880258221569901748720531187443285363812942703099102332501165
385,0,800921753093809319728630417523317138269073379831502369759112601869987603462712497563179838766591987456893814643232
386,0,887767058579002158836682700738033583976795758023515928912124566284987778315403505437519181438359017688711003364540
387,0,976251758442223215518509954227555876919022167522294150851510298690239852181834811929285474181040230386579536865120
388,0,1064899664065754674468938504354494999327051963588333292919409086094864948057147191912101951601996641348248172107604
389,0,1152040308324434546461215474654644556980357316879320840567871964571252610852181572896331061335307671449730251637456
390,0,1235846831621920793994291491799962393341257500907628591762306809603568442236925385956832387360108027242239246332076
391,0,1314386828945970182309583899493775888678565745571216148915451461403923055400648470150388613037963294159693171996624
392,0,1385685122582074647815107826618705878803877279949906095744909430259070989548672817332781603564730652233691321858733
393,0,1447796442886057574777221081468705402402908699392379489405381634106482087346255936930326486321421485105607186297504
394,0,1498885015608358693408381725681835771396503593312551465923402188880590924285336044473068939009521811237221329712608
395,0,1537307156692458926447181169329012045212411122100226718856059066076914422351354266794950619640676140572041695983872
396,0,1561692259375422573187791425443900149729677767229342228271154603434077152194247469884241307276484826425883580059968
397,0,1571017116808816412958411488292330441128153195321625952329314542118816227413163106370434597103372612920172804140088
398,0,1564668436362437275394605328466510118308986021649757484678923022080273376807088223661097756338513289943886241334512
399,0,1542488725170456224493648952720851664497714053036661651353146328290136521462689168556823630772177524251745948148056
400,0,1504801481839837377706833486844337173143661911644947065688638499579848267502370944129289815672794964072164207230205
401,0,1452412796050692522185718276994628728524755801599107974674812611934757657440869243098412892652026234795000183339024
402,0,1386587969947843467069169418466528522712295984727914586698797109639494600183628767989475281552406454218815655220556
403,0,1309003522783527147725823348442550067060149900241464551343009722163805370510360176138221387310299998108968814205688
404,0,1221676776910016132900102664617047343433815075791333872910838785749509424055607884293797262527382966518881887382974
405,0,1126876979460068355656452348540178375004831403659022002829258258613640823026845223849150994924771092682771551740728
406,0,1027023414994382931040193628236582622282940611261823033573675054822506068380593940786544417210833714911225208999416
407,0,924577050098355940157518007463385718682219349814957170928150334425858036184579791291344703537654088425015865220080
408,0,821932796807305566215567135794736694805656550222605007128273537967475502668516079420384785530671124818852610938270
409,0,721319416157753774594569812009118647462664088186829524387169719584568281390503376780391104199705233945350109267272
410,0,624713399149785078907564008979531112756673887095219316999344880139436091413552020193006566196764930789850732257600
411,0,533771921649149993423258844810940875682872335460265370090151678884645506060572280371199704455602548754386029973264
412,0,449788297444450054078834597896281011770645710211827499724068122825635918594773659874261626939611581966730839418254
413,0,373671424485020148714333931480076656992334529746356920949357972577782068392482297889766132951685552739908988842888
414,0,305948736194300287822040746297925436155573406351842763614446774369985967903497213927825721046320184834841082275012
415,0,246790338298280432831195132662587528649442115598835178624677889438881445242997494060109869545611870627307938740016
416,0,196050513961942438495741589270254163874682524464302449528215419790923556008281311221267245160843141969800903501399
417,0,153321752051871276800471741562922393013190655283277466763632111502745537396233043920643519796070557325862558956056
418,0,117995968732017267169092495631359273337770076129500736364606520144754890371761621456515561288882208506724620459204
419,0,89327656248426104954645501874032221802415944817123350251922740302233402513332615052820184425060631016018855522568
420,0,66494244257025308613294905389703931099338908778940765021155646044413908129317990512968546128842984685643887747898
421,0,48649885388672366774073147222177812292792963673535695539998636796562903018184294960319703042887936666551158425480
422,0,34970031817513456027992302482427476774556365335769220760734593055050194106624507255462030496035756208661932292612
423,0,24685396964062805720449255531619176327624690405871249606465326532085773347714929751138460939092806969590976704720
424,0,17105051527063422508900961004141828226622093062078529106817555960316085647040392479300025106126424548892494637911
425,0,11629371090876519176814734968619445702116735894408048367040087950411316479799733255294776419580059457421354542104
426,0,7754260192383960259449244408452083463267180368258016186860608225974681094845338043411190273904703166682630743636
427,0,5068496526964269167509900039534741697993663665827418775579650518348126632544438000062270480602570065497520788424
428,0,3246181817207140013738177357224900006453020337432464514181339071897999846907724660564429365386793475692281813104
429,0,2036197624676739828945931634228029023726375775861950126640523696494782933246891468564287250334716019385142813832
430,0,1250309324873837491999817617834722032994342044432324007411501990052091144814637206485542692645952691878551508044
431,0,751210138384938956002182061720938269864110935433402061148595431028419495525323578923755828410303442760891550968
432,0,441414976591120707823032273727581703253864660473279979664308024954047816818902375517134473847111444112252263039
433,0,253553246050299854133120790406762662908264022544671490955476247813357876072520423201231570183231708338983714544
434,0,142305786600008240068171594077263334957181192930153035786583286610792827494445590110975296492004288724527572172
435,0,78001381759357454347904988909801240276379248956763815389729576741659616742648696564799647556973516684833445696
436,0,41735350696915274254647402280463783897529832712490474709337445036210436931074534400749921825367044799365320804
437,0,21788356198112650390341767126810891924476089079464814946910779516674307769805010581338400535124644010111078936
438,0,11093313079778139613000180036021821291729347296098275670597768823182541686579280710752599710384774089989963960
439,0,5505714419942814277995928639611136436697541394902720384120751117233148930064639297424482353637769073615355432
440,0,2662456630743776322196214025165090310832869667508301835738121747387561085700963821047845711022917844358294791
441,0,1253921972655052914768650846933669385822448626599664372962755168951738776364669951602908698228715251550983440
442,0,574886625966293556032916302052839203742650206600895252308022785275920302970201966474809317741384056904706132
443,0,256462746059299395716332256334851707542010939322000081546730940502634661290993299209489657998150199549278792
444,0,111277034615670552821551141134170286445125382294244483492603024087716803968872925146736133326109336562636192
445,0,46939330759887305375770832899419671611931825796223123101167088078570672446798107257515132314390338036736008
446,0,19241165766579738825631250381154318737054523091674886915771223572079395029742922763451582698885884202356112
447,0,7661329214524771425259517564916226391433082341211169259014921479608145550377731881814547869662737447060816
448,0,2961912549181518646452053345498548373677595849836883314018501448996227927540942039444231918630884737405247
449,0,1111359806128498545064215978740328288142623042750253286511726848379461343922952215907593131300172950244512
450,0,404550000102816446481797646903005354506434396177933245226385434175683573922357712326629595034208346499920
451,0,142806205098973736664155179974884851261186284043469182395136081956851167996141244236146434772325497831720
452,0,48865570476088365079027784074156677772031210808130345569597323017264304403616903157674835277296615953182
453,0,16201854750654322966056964085995927795388312722448590730265327914329082659275413865664881685255661943080
454,0,5203051928072003692708790876820773165595103663033336984229718094135520685464498582540714782270484242560
455,0,1617743892839501673214584260991481713938006003157429462818062370147678402493057720935342576749835110584
456,0,486795498124019713974962048647486077421053331857884601970203828840161319953250600793210979679269062282
457,0,141708443362328626887214777931178940579156362176123382499545186392794297789745792444053751608692183216
458,0,39891876694979138895273845916772947927552967846588899651053973085150263145742408161511949351816563952
459,0,10855245472902526579606622047431287293833888001256883208051523234525349295109392747541461794878740640
460,0,2854220840001030878397593852980209497335694835787347239443865662194867958530762735365208536251455744
461,0,724859276923357502904955361467783703505227314153656669187338101114694186001073030595824985845053104
462,0,177730671206621736489480958650009339944669291370962591582673780226695136668949736634067137472108920
463,0,42056833142363979479593886791060641110609641283224134380650571445752223128084149497365581871583192
464,0,9600581738260108621758028517287180176788370160846323403391379196631656649346085387683166855045488
465,0,2113317112338653206572706196939255307784144783493000310072535341475974407186431277991318005423760
466,0,448389095816824719279976911297471170457455522291698570494475535980168720594166700531985956606060
467,0,91660721287431757336038535210487957944275671708181328920259376033763689450291183212346563179048
468,0,18045177334094018439115475294813990014229834206362841735492329090623922718823083486840685358706
469,0,3419773963325969549014851253517368513600654848004092759030206351611722680474914447372794269952
470,0,623587392130579949525705680741391403729513709091415728870933575414828456261772168758673660616
471,0,109361017664437917942196257099292301555187497261026017567436083374952324936436299405407165320
472,0,18437016950506802927542945968085387888123789963823846210237794962470547361273613846132388852
473,0,2986585336659751591082636997694996668895403500398350386090025587840589547768571365826629624
474,0,464626482829015442890711173139269980454241585383063765247858619607999785963057521087802372
475,0,69384319109274963584042443016279211350625595165045447240879673901179003937426390048468984
476,0,9940889501756473929506767861202689697853414168349781460860359056270342079924214564867670
477,0,1365740424091923640219639290072708888772884546676785102979081594910209181358975048582928
478,0,179827622256294705078917763095593706392418750907750489314993628589609106509808729678844
479,0,22680348873031908436765991122798264560064846276407204397579191787911139772592509915736
480,0,2738425604282892049114908616768128375918720321669058125079993780293675607399567719709
481,0,316340956856220839589820843555646959579147522979726928100500922739858520714768159432
482,0,34942231877789179885623301107647307574420829189950870436255298455465068485992100420
483,0,3688210397452502823416666074084103486023384146143181811982068267863790883921124000
484,0,371766914821377897323610794123110121980642528547247689795041410209801194369493754
485,0,35762386746571952800257842902355825845928975852837848715715675112294528014207120
486,0,3280829122966189168665266728455920891785760734863997875763969691705956966467292
487,0,286834940429278513062594714465889924352337717086512985242224445723690470092448
488,0,23880886297980223506314314674196291214432806594466628334093688656813313278839
489,0,1891931163361315567466748129176656873656048355637266671056796987791011875472
490,0,142511675684297548874479438392096784788349234258854112490356030014489084468
491,0,10198254479941812366575125405055793554305324472399647600459772100883664520
492,0,692718852437144355968115737403675207960747059275855470855506951911900740
493,0,44622494536109924612295837740142254441895208233795246665252324781807528
494,0,2723388505816684925496658461761312216624303630884043273290947043067640
495,0,157325681586678482922760899474298639134508905925517129504553406614736
496,0,8593696198371992750036805116411802626307979664355768371752487807487
497,0,443390107173210703418659798166713433046460518237137492640581295792
498,0,21583920391138673171482202584376954513841033011134220209262254964
499,0,990150243250351101052967672801158126335434624305391938772514696
500,0,42752300019177197024685642829040853339862636627386111816235986
501,0,1735150032399626412694178310168127468598806488465979126754088
502,0,66104722407577293324842767647675171786521023804762839632676
503,0,2360522041141682087024046094922247414938847739069930222680
504,0,78883296115635936126056114162460890222910344466574593633
505,0,2462853658416883765388025014868957035174374874608249488
506,0,71711948644437767662831355393529385079412814782016080
507,0,1943599466937388084507505671364030271226790412475584
508,0,48930372910949516956088461043950858852432584543264
509,0,1141619295312197047073839970325675393623645375232
510,0,24623892708667411274636510356973677026390881536
511,0,489662939120943161674895861189221458703555584
512,0,8950064123987486380606976827375400179117824
513,0,149855418912387904430635223630582295863296
514,0,2289703605053676408757556659130999414784
515,0,31788014004331365722848317252119789568
516,0,398990775841429301016135513022382080
517,0,4501607161308106431284946242764800
518,0,45344650294639905778933140160512
519,0,404497788990014762381747421184
520,0,3164184330348895389214507008
521,0,21441876126766983369719808
522,0,123931101220318957535232
523,0,598639286251797086208
524,0,2350137949550542848
525,0,7200296027553792
526,0,16144530407424
527,0,23555211264
528,0,16777216
