0,0,1
2,0,0
4,0,2400
6,0,30336
8,0,3138624
10,0,75095040
12,0,3404252672
14,0,100775460864
16,0,3379156775424
18,0,101262616739840
20,0,3010928233586688
22,0,85947080586952704
24,0,2389259887857778688
26,0,64647263703370825728
28,0,1706823095915163549696
30,0,44048534023323958378496
32,0,1112801723581081603473408
34,0,27556675267103876444061696
36,0,669675891798786903751262208
38,0,15987495849355145638821494784
40,0,375298293441837804238701330432
42,0,8669903125044033144930351185920
44,0,197251156663293605219025297604608
46,0,4422708571876991561765871427780608
48,0,97788963635449744467709391991209984
50,0,2133389902064395889545121614050361344
52,0,45946790541408904940358181465224118272
54,0,977354848252034685489926549492878802944
56,0,20542486624965039983763167629982381899776
58,0,426809956259996788841599616559881329311744
60,0,8769223000673673504337783653778546678038528
62,0,178231882926484726106312006296887617824751616
64,0,3584673310440507720098075133502520519181729792
66,0,71365184313842409244546934742891153400520507392
68,0,1406759718563807551640435519847661413833222651904
70,0,27464166872777858514605860559145413551661047087104
72,0,531171767010228827962433651410975881955658338140160
74,0,10179538544969004953674067351291320681301435435974656
76,0,193349130598169433349784094016421265478757957335252992
78,0,3640560870960215915302950064062446085401121714945916928
80,0,67966061538991471104814624597962077430754216533011988480
82,0,1258330441744465042430440780014826988201487103928567857152
84,0,23107489507569139699373223621989955325354382010848607469568
86,0,420958117474614162379898758573965093779580833532502421274624
88,0,7608900266053340246312013842223539984980489050544532172570624
90,0,136479387672204608795953839807194785514736581023201387094212608
92,0,2429609145048778032560603253728189143681623323922274695128285184
94,0,42932765873826865429672329896984479580637387232899782642352783360
96,0,753148274352618947719137050245173766790809406720396963309774962688
98,0,13117909401167411996070457162454785514492294851896443502445316800512
100,0,226877864525585354893156264565560064740001567681401371040696057724928
102,0,3896829785381763217034469106431151221740070922070984069467322579943424
104,0,66476596368987576040789750263482764635975258297558943741897832216395776
106,0,1126440486222910444981622529101225439952920908850904597009879468672548864
108,0,18961469084936657129200931159073303635249191640244532629579748231383875584
110,0,317102893987827177963618959782944405986748734898006299682087689445150031872
112,0,5269038596132444875726803019255458232443124853360157343523961840035275210752
114,0,86996599841111661998250864397973935351846873924432258121830927541155735273472
116,0,1427407846837679862013197754229050048243370016537200242538108129778139819671552
118,0,23275683468258817087874120129938389631010379815973575963209620809145789022470144
120,0,377222497690295207304344974380853847404623434730995268152945009290346725998854144
122,0,6076651920621618578180470207339753938314187455277743091737033839199129595895873536
124,0,97304361459107356901377567364377709438817097735962032539066193280781552141272612864
126,0,1548922634981670154559242640697610549957692371583829806220760708880174199544429412352
128,0,24512281174292123152076218329880733077156301842022325049845362910726028492942891548672
130,0,385673940094278021940538382478673044622057864106477781661893886713790864486029401784320
132,0,6033430503193193666521912367918072061750216435315163569180629944518801428460964151296000
134,0,93851160044761668280915414390966648657573458985811963647849794313074051377478549475688448
136,0,1451674163741124543791120753863430637578046965682757894639850576184657739836207864093868032
138,0,22329280548395098401884033243503117747376983759772101499630259757966057959076433508863836160
140,0,341568165326589467522438545378723069845517708414208628063914261079833090396497636819879329792
142,0,5196336088024560681443784229139246473276072504060448842391757885861650608716126392790540091392
144,0,78623710747977525899516200137240548242865907623387049483781536235554731709174033179142554386432
146,0,1183217972036815951640319273715753980586534535443614036657204322115258529266016602179093621899264
148,0,17711223690463598431164056647481428493252225422706409579502690350031464615179107880586915568680960
150,0,263707139542521899261209660860471576977858774726184075930272714471271237862313680158028784136617984
152,0,3905718219336360282037199983898534515686558658709121813822851801246798274811500712842295737782894592
154,0,57544141409043348420408457922096008175176168869770107492240477477340787962390712130603400797165191168
156,0,843407223142464000388689804334053629016045860097731445922832666392681437107457303142532099323696513024
158,0,12297693421843132796190003034824212026764883743012534219590059331901168408174466030327229734890126704640
160,0,178391297829278956317932233719534200655615607108027594125254136187718260336332138905826304697505071235072
162,0,2574543422251069353990440022156193980235211888922492118648788020657331446720028823972190662044909989527552
164,0,36967120827562539187950703395171471112627752178127717820149813069497768527630397308382367466052501270167552
166,0,528118765061533127721763198021832776053318361012433015165451346749651997807613262585005435897108311616520192
168,0,7506876806155358045504022234392950973067310994979278189346125102588624372548234089351837248028013640971976704
170,0,106171828981736425553374579476511723413419258362710508461977472057477685794654133231833753305388499670176628736
172,0,1494141393657912448824147564984027861724220607610063439433968120639214135841197795863043376928451409649917231104
174,0,20922618347498267819912376680779431634756505955511887079278993131413687071796972117541477478848866811731261784064
176,0,291535432964593950327983965425065675885841226529013592986528452180327190627125183938730801079158822132435694649344
178,0,4042278040225095824713442259481697643401029407649858172081140678648973804417725981330581989413413734385363078610944
180,0,55773590563717776562998238747857933093635363521233279011633049064892924505085668046625485225489845975788918421848064
182,0,765783847553799825292008365083477522557400071721301664689453445019230569364229965632334866635531160266361862711410688
184,0,10463237965722658757974760142651614871662454459040609493634896060472236901505838586460967278511452473086659978567090176
186,0,142270540807096752658538291796917148272770804232241401913907814956853764428791030789308581516916750803141366154606411776
188,0,1925125616913209359452103044566685184948896263504452885247598679395559512385722686191919919089498142874892164296628764672
190,0,25924128879611180233424533529508755721148739288862206585301572099938939955260248027731768277023803241210287376991925567488
192,0,347420666637150916652193297528673546491699863658718506993193031562118956011072844992816110511199917669636494645171052347392
194,0,4633599108387640435190160698524304216054804290388631298178486314812811205879749234363161199719768550602697430302740719861760
196,0,61503117897955007159399350483227082066309298214783807656581563110506916788380899916534217516121856231713394816899631714140160
198,0,812448444440257767952567423405411121295440170250434093556781923323626837088989214169428210631143055853359743926337012785741824
200,0,10681155221365159596138215817026360436010840008753764689895022150330891465316384099591662972250571742173194625080969490696503296
202,0,139755116875412917658181725206015573207194492771189820900154891319468088051355280085296989032339789704734326922156458815705317376
204,0,1819898794037280735817360568205035270196047356240116883105232336145301823299126988239491660847052842321631430548049579781732171776
206,0,23586274734357063500854453654849100475606356611913225240203991779258920708138237298134034525155756944633004744562142342463300304896
208,0,304232953765008012926962681143874671658060951602455578524830520971483500507042409219823227163020070850965522335203535807643962572800
210,0,3905617918875191704478841199152229406480241968270347034352734282273997428658351852025900026640981770417523968864990442843161413812224
212,0,49901235456711569352992581239097047110860289966718053618068812965347477148065253701132804279228824465696210186131926766997056331448320
214,0,634558929558142384864732739635082643037889882686865835438250340840059029582204634274278781245479493507761893525177409922485771483217920
216,0,8031052251134845170745893288946517331920702943089513597712088821069374636072126787223049196045599233594684859261511265594788811118739456
218,0,101161002024257285840505716235352594120971040484991106453757549892733575162328947083467495111032213620890712586922598470682228469742436352
220,0,1268218147894398053746537387606630825010950913499989082682164884777388581114597112388933227222544667682048332247819342791350717569545797632
222,0,15823939307517275182753702756704680170974181589481522953501557796445513724754752557908266582562365921690975904084417528554233120814174044160
224,0,196505330799585876902589284154685315184517229021242074757045104395431131698011481459200357958246907999389721241575956616025947311328622280704
226,0,2428689934889477995783047141493444062093573027587227895287720295085124639528252568021483176818013375522267709228733032233567422204653491716096
228,0,29874895318019825478891883400000424652048066367686274215327438679130343522207484176982132977289889488834098664369300044605444520994637371932672
230,0,365742574162984789624160768921453860478172173682098425729384330854358102324154646630513806899294543195300595877093771811265917687877422081376256
232,0,4456329770983161456729428509540140166340503630144836280003116659965424184397292137913363193234208806549773927014470378484602011054062685392994304
234,0,54039251977891698284997120957324266767804527753606052607626893586739487637627683549257391727755555197619397894979758504709865308337588579411689472
236,0,652181859239368200437079472384115400464178740270113882246085160467860647264133523773498707203731812704581697798201638118525253566913034263635951616
238,0,7833436095118849612611919550700472569046830579377823381492781121405515756910179977634384435767391067957161937728166706147430736265294652114741493760
240,0,93638959004604556435800481217091732102571630778011903973454754958545576803635295459209208967972636854586770295212052315914649257326741642231500767232
242,0,1113980679881780092081225196975468734364120866676346081055575458398390288861268162541164757724663626299636126614371843316644682075087804819895746560000
244,0,13188983600899693672906308555848193034172883359157083934441838533411947188739821365156563016645737465678255945623927152583199663046918658322260681555968
246,0,155400714904972434158687969929917101534039075301372770844265596670450527905028822894716559506280025316864714286987680448351351700720435600424901816614912
248,0,1822207317765642733399848966777286569037729411569288691681801999695989624226898185922856778628427070192980348533134614127220556095909763769064235590483968
250,0,21263775196197854585038508687101411397366447656890968603721202105198974211923944796377542889558754548976608448160006494133664081296499976748539481662947328
252,0,246930728204396196111088827235771118140656623181567174039846414238541127694152204674878613237457667395173241473277535025478374861691269537704394443156619264
254,0,2853619684656420548564071598722155950109513523239915003997938539202768799200708463287293262464101324896713967609733434342967916469795732113246675500403785728
256,0,32816849836637888676081464740891147043209279953577975489025589016684394237723353871864155513602001252568034650260645949238294997794158070276782692284908961792
258,0,375552642574273212534413070782033164244398266701269744639250865300411629219324272936815701504979101009884201238445714847319485479579952033544415787586592702464
260,0,4276720011625055383048839592226283982111998969209045174484834238147071583741587023232870008506669494336435207804523784225192150730950866654185436763914021896192
262,0,48462905011270189265354819415668040367413986589058179201788972840881092345895353738710038375068962066111772123202044437179079632857243893504951810119084133056512
264,0,546460647405641613865795636571989565659130868358303566836656440772034642077064899316497095333274763986897734849960795809078110012935250465348816004965789895491584
266,0,6131277748330819316799605278781397247337450261457483841110087305754135614771086775320593985129593129774995825472959683949555954539097185266992479862152622090747904
268,0,68450588780935427029121093136397487050636377389038425944680662942517881926858555239478091718274232150430777015749495896115055118537127137818869500188454626579709952
270,0,760376277957350623609883315575171892169093387666475913463294246047203407159663653177615403116268563313251973043742202575526638424766268553197103089683566212270784512
272,0,8404188730065033512693281488576816238106144101802040272095300466374864008229139166406296989212766989915113922486536835481605408674742022564067498471246359797363113984
274,0,92420690269353216045570727308696930145028402469549659810133060145777208451459398199212699587432636622304098739081997181406745002765365759261206674349274528514935095296
276,0,1011203845432529222750244254469886242876894214453911869286595804909825099961294899997854618488003634620983233606929690762050795459083294380898373989523056667487413207040
278,0,11007630366689947275014304702759299669364053391827193634550777015372247106258913702729577063442551749001502538482763199521613681376224404318498454337101734705740935856128
280,0,119213026501924105230735281759345606792419896044940435525752014942698032537502234447898833957680272996873541744982150801088225197333389332853782874034629374516383147098112
282,0,1284449606482012006282207339867006048670309693700144556597125176308604234463174935156099652258617438832672079398157959391881592962767827834805054909937880210743633737940992
284,0,13767726512838539574041508015437086190704798150505105336833746557097278217673334945662928602653038386161085235107388264507790058332416925542676959456035186230767072688734208
286,0,146807116458848994742280880193031373696894459765468365841714248922304147633091918616859828059605407609267957688842656670584369210683143116335016100380467706042197708548079616
288,0,1557253094898068607582109491918930471495075828472840944018353439997195760620696639756659564802939096399498765629214403154448853952042419716160054444730466676843442249175924736
290,0,16431817072043104001371844608340102022382659403705261384180324058849671151883429328661888468365408657443472086812092888526090745682427052832377561017318598612483777437443817472
292,0,172469747753827433421020944038901989490954554759612981430516905297754383191118152975847524888327734188740279060620527077616998116509644957806209506411672117103869145994424745984
294,0,1800642248043730636735549686764511894998729990389424599063644948924745671429366905717602290042225322662006643034115892827723123294504250708042242693713599780873779051949063143424
296,0,18698850140786056688426104341021529427334942334583716840554644965243646901292332884152264188631928611446965612075397566704964948766386919487395292972585191416042336028897514094592
298,0,193134860427329001961258115199357989532832813926654519432424598192119708089545809407257566154563228846349857056307629619334178071862307917823921049037492109228997575125988741742592
300,0,1984036427795232997470923555480751270384124720272380871943527620362044403785211525744697494384930080330773181665897116942282485140155035697381822638652606197237254494170139838119936
302,0,20270584064122484847467993130916490194720144189043101759389353437295046190985939864518492598773038747462947345724806737641275234953432010182134132037389469886524779931360739526180864
304,0,205965518728509454018280307961913905154964825110867538418027779445075418460461178414515165358205819695371364247766281882937818495293656539244796812925882858076051492134347878762020864
306,0,2081219749182801364321327898699711837948259412998681425516665485756412594721531304363043073004643025571528955889625564580567851139803713494472002836533973747071954105772201210395230208
308,0,20913155715673789624142639741194692394944531903543621911394403336060965196621692152504161545039010163396813417705654901034969499540450718797696658949672052438079574320716370407074037760
310,0,208969063221524769520572936714189731387540513049667205146975163992917074511367682800123102839154083833308949173587635856639735690923579362709275831095958537291172140909838842437914591232
312,0,2076286632016514276943394438864046491635517310718815688152035950888965549760085157327206629165450667622926850961755696324503260903287946541247130913609549578598228309957349237610768236544
314,0,20512430104465133988802973713416796773526300397222772053464417513493520292902981214079228589269602481572196998623246330027824294163876881047771268064306936806720588064091125821908942061568
316,0,201489550508022553361007364804833529024342714762280396580230283680763605977925691984514662475296018636406839696985570922912028198464367791983528251455272634412669566804753490044989017686016
318,0,1967769214895271012736993889921852937368129081141725342246237151959041795172624214583009253292493021370894510179821566252087597081598419325415965720559968689384697670499421606502518468116480
320,0,19105663402328677695123092491688891966917096537149472439034458256636684782198527015245140545204391471149679409260684558941352089263609942967312399936089119222689378636232137135667832950882304
322,0,184414898172347263737588706557101293751391275083266166648950390787909169520242869204912712382414173472201155083306310751155800557787704379204466093171044359685997768125727771844135512828805120
324,0,1769517575723700137813000379185342481653780832032707624234807179643294472678837155649895600135714208735764612922324680354263981532917381900437097559521859559497910661659115707807072818154176512
326,0,16877857149011210612997452222177555744405667751110793400470646003689606921196635271177262852690062436532530099139805554591387479384854404025956299116443490845844452813075836964481430953209626624
328,0,160015224076689884749047469071903742488377926683294691275036235745013441588846953376629633275929008165301418820710046601947043877998473864393560370241868879213723756782098075435624795193370214400
330,0,1507871593146162023865491556597228129735812793015711341210114925692849648126907804673329745233528873613788950501730783984595771864371213068971404957278064668820093591782412498726785318967465476096
332,0,14122234549264015715405431332631523740947324917839549486016045008574245712267238265824911669267688340693047840989408158414582070170608065593292665019002858338138550950966471924438319312487174897664
334,0,131448273656186298910549768257899620152578947894616988566337371719903908991169904920638120028887054262230278685223146359992327585226933249510309429996464856143455185806074268352904884124410999472128
336,0,1215890904006173803850350896526499820920810379274637586447097226126723525008306814004173629826162347981407047364232462340868618695060897222705579853391859034155714564531725660873587675188238395375616
338,0,11176295688822219287406833411710751250868947983675959413806600386777275372065399642622710691354626033093483173408963495402281097087278789800068760102485632874849350357932492203858891684232600217452544
340,0,102079713607985254424246501749137831197109347578722827527469917633151941387933083047065555602668751597700376238085352575521068398374554998905522940213668875030820254901639360924424123997167808749240320
342,0,926389148956691883619221023251812479619421196027345972441828981005028116581050172270240854600984293038288843343328375399384925881669475640969155108447592662147943075308785077256920223019386520719065088
344,0,8352827948265677065160767260917013685808937667524205358848563394187662936225513103817831318198437347332167104490129196736343520348892033010743117493951862087581825195048202232165055959842567561173532672
346,0,74822584334836191223634415564745719723778310568172811384026942605166518198840671285941505645747926835455887008550012334486190321639636543229101199434484327422081024665366004589346810759219101288087158784
348,0,665830098003102429600413971848252388639180733050182362596366878449426085995854479837412982451513552390872169690041078018417765262560608051993339912897126213603203764529274898864832840924050676467672023040
350,0,5885692559838101551329613367914060524767668776068431720665300855880573195708795334575967695487750422138136687669835363386403947395844622217465751828373121336217313263706390705374550147496410334250938662912
352,0,51678090352217157632548594901604363313723946186171300045712861782331517443148211621828741394127098446089021796891567975915376311467335602191969266614296955596936368087292699812299602396985535857626114424832
354,0,450672229509531444099505978970568030890007849130684096773522828977224565187997849191246785749825389692670015617550193730868845842286096070528735221103906597611153009347863170861576126450127368948969883303936
356,0,3903289259820812251451715968809919291441593030404498066397327587019338870193051524315489023492859117586264790808060522332885298631077400801050176118870425554908817598207032436758135292173352838073012407238656
358,0,33572666329881857846086001777356047196121744834987528844025500838851332212323840582501860860398394790325485633129132664840941585930502955028103075985909469731957588696815558023854202559497056050297043691765760
360,0,286744482139246437117345311509123042921310901370942860692582137731168380054650801293896967764548112023541574428350824421519544966610371873866860259805288090491135720660019794428065328279796947880450246492291072
362,0,2431794331631835160108266147728167228844301641865608199814958309424709038594875049287752361488608757347708184563600792866856059529743693535341532959407407194804310854025245498698437357200206397821154675807748096
364,0,20476181576732178714326729567266050998071401251445548423567817549736081297675938613094863700072467146736163702072828549961517404794439344849762418512403847036835544029474730145478538374881430954703873661955211264
366,0,171170415700022878535999768409708295722151013871821225349568534701986333350974156108533796395196594252702090262772032599675263355930676527718809536171947885760792857376167098372517114899566950755133448662571548672
368,0,1420472120133029527816423347936083750266814984257865427102904143731502496998852324885169965084670966379865472395365615367304026034514004219962444910306482682418603084438391741662055349434000299931475019717895258112
370,0,11701111084242819300116295372861822728780963131085682561205842856959670388852146151228037587030742606296893185914989774534086585196584060911580919168649434265917915836984317249513641281067230194041474021581240926208
372,0,95670360420207563386514331886446577304534168993527308301240414311122996177634814191897917408886044152200630883739189934331458516950222649981388708978085113035972257856190204592558568336289380537098961561577660088320
374,0,776334023100600689489948868913712955881718216908914669949342153291304120478965640176087139144381896241976884353632809023188883392878488006025813459249200367004159265025386451673462269534789628211469496463165436723200
376,0,6251801235997129689565673515539135843253791057209743495232458731119483974121348622361145097540423020026930842465293116551895031658179938030583804218772395580911066132591469620731276720513671834918738462693692645834752
378,0,49958676448710108316867575375176669675942110315574035975211955282339753546181536292811342797518539357148185878623063373977236097802720625103286959805090152652759394446524955510531140224761702289914893977242898492555264
380,0,396122268672284156423580036674888479492873138522231740109039989548321415457601958374943936691022929083085897411540023566387443965725700305217385949104101700909515210021246446035821187387046157753146878466957402525663232
382,0,3116183245741768988674650890499176227337502875276361196159138313945246402112823426093319350469359393977809262505725554289205412762717655263629192518245912379462322351921114523700536559122039437384514391546728330381230080
384,0,24319487895419600775291303114954097941415719180866516711738229114279575604807592983488151443592904434947487425316462311555453778758071214522495812331441797894528776070400165096830242637478709731479865525665929329968676864
386,0,188271843418806510136786828864915711244930282942366685008596639897999881436317478965554575172961496697476478098728741055972440512521773484363634895082695274020858888687485186194014345972710755943266403720729836169560326144
388,0,1445696564261348039340161034812052049564728295594731499303479893723041442877498453234897802403605151610474479754483191598135470492618035950245286638178579283378667624472927598983045406543795764262636792553054773255109345280
390,0,11010082693075431479644703243336903289961588552669968212300472432741960281902925423293730904572077790219047701886489996491873155009187839981048759520721627666653436086497262057728309432371774360287796523318274878566438010880
392,0,83154553971519722295269726743493872688421392674268446146263823030671461331526710923896918123790460397705528695829543459335879898305008364834170306559569093982781911781280791660399037153963779382835093372926009986843961982976
394,0,622763912884285621354352345225413865772148386401299310249594104470198662543510327264135542768619018855929806575652049068923343564817452724515150647347723150391730467479102584864163474292413735470315134749262153980328917598208
396,0,4624473165008728187525246140724088782182339094419475038412839565738726174826304174935958856041969288170039138218489359459012557157126002242767145560157343744332551974348994523188536981372487054553850313381428134671291170947072
398,0,34045645810478726967693026775194648699114206884683177655413644977369952856414170934979399840123713713050167780414972440932166150718258012410142985424716728156884736051210509697100543134290936387671337070854130664330342118195200
400,0,248473478499582735585389788125600282838505662660917776707393301937691579571949820528804312550489590677956918908289571487381677608943806802199688094748456414398338759421650306880682603106827011059776150866732185477944823538253824
402,0,1797529109160064516506041232489958635690014805235783037511039289265644860112297963075255477790638139991147754209630243268164689842342404568969782354719063243391244129781218442554529123358237214892101862520003725360749755911634944
404,0,12888642193775023842959086469740839769789737549046920978766907419270249494115936273007011456133379933749144328897746940692286968772207107441149784728889290395876198759393320993796391539135146498776481317413525519187456441007996928
406,0,91586468704643647411765952883678805353957357335320105452643652468530635009098290776284572821572224811429517377042710324748175992559159395993740499827323484844042438966649000144714475306874397194075768741310273550098534561906425856
408,0,644919660236296586812724970159371204803738398026276460436089436564550980743616405378022372881971441278575946865604240042912211932308564952671025242011251968156146667828906779697099986478705809057487650881497042393655602435472752640
410,0,4499735771920934305415970186416395684716723169933639741159407539431812773307495020154240833328858466085348426224110026414621852099383387340335969390624552924996805190767543532763778614439335664361659578469050851242168251906699296768
412,0,31105139707004919738619808349604839628914734189333908700562098202667107816912729699517947320887774505098903383218646232425424501545581045793404513429745690455190746249924202364102138024649058799220157025194778988757763952247369105408
414,0,213008748003582264731689360930772770007819601228056100647100461960698216026362262240763251060963895213744486895991220741995803811368738156184760594024300227103126177290583018695292843562182203773159715618090731420635834384111588343808
416,0,1444904065833331653282335471321706513625873685543858379787332097688110708235212007787471181553636725062257381023015703875254650246365769976821391910849905195404902455957057152941321910073291169519672466382001722474654603485647265071104
418,0,9707620890994344567322171251105095311978550673124908923410976010182599822251365830543361420810763063743546919843168035413497006764984854757556193541705963523168937893986399420531335705348311189425262936339998116762261121227880914747392
420,0,64591379057045367747345668130138036384080978614045594920897778096823723612652626219211226418493634359781293124734043761826247783329811726910842342072774920271338855422237099022768796627415963204646390418690510164520481144093062352338944
422,0,425578637929816227323916198559277537790200718114677181966328145166291291810219489063728487516710120461005888615812741719255084644126665789967330809105454211411369493184357187816897374431344509550073235019696704178409003505204978901843968
424,0,2776412578649739406849575203981700090239948252306316345105883930702560011414058133520533628723726773330703549827587418562455030347107781406540347896903882466759640760174091782350696628678264368815528177957744465138587811908977468442148864
426,0,17932563674610992189458995173417681222156904683650927771987044837814914248035113966572293691884141085988573708728435486270836887114108687376909090649853565880511419377383375170501222427474060153503418305521985955591586721497120609807630336
428,0,114659520683990111813399974567405003547985865368014268734139760482881085431014620139926055239375828698127976863706648679048465842932445190385585018444601604214233754393564974429817897658336541844600441836866122335404303622257979927732158464
430,0,725675238985189454574772213076781533925464421765566537737005555954926825876363060778295294104074853222536390754726960217739461749900252287020871414576420360075499225078557456974095888455228936331862992370255806452010114519662978286137376768
432,0,4545628559334878342921612611296998055770832030199644734883045627103516120145251981893074340696033547082460161598118951781670761190714876919203289247821055673222274823263676936900704678688508661134648676962048843193799408406405460050646663168
434,0,28178639100398308304644094967946354106199860919108833182615058410342516266763532956545120741244051284139317235379869605884054782129828024868602247195883641561699983845142568568128223928814026540134610242512411091768554750142788892299064508416
436,0,172852419738657789086780595619293154717914599181935378818747106277361073345815947074533364101647553745821705081419168488170338799011192157102319095147884041289276978488604112791370357302212253751253011935004682990031571405127490020623012331520
438,0,1049096017995740560933818286700945795407813500011131648753016749517293398219390030665348591542762900048707401041511510374796133492873463073740595314180648438176458004090886737738190970652946801524184902990863495433824369569661201354977039089664
440,0,6299329211086152412301189052361975131697241784516805528682510864437844261160543318707331048926314673879941553886646220666469982412111704476698564712777080560163364930829227035958574702274899155648126777235664268094222192648934583006326824108032
442,0,37416888398286825106314625233717366693488142959409916971077750783537149197587623776115394293572751039369723911216523683238940333633245011004747204047954854201403426613063284157811977043397939551567681993503016323625243597298811760452524023218176
444,0,219831735071886174216052059092577750362867361125092472985671178438345274788924410600523433868414508027586674407437985184815330192860148246946473823471925852722456239734404763562318882989794939521782762937227576637437706487550597034924509405118464
446,0,1277372607984902536544453446136257945337457534768087173474495326412770088684710788910483638581999220094118607375026694705968593646498048468225444767045628237746452838516561185055650124031995483440722173782673558791349726775137677400943815368376320
448,0,7340143173130379057204001898779645431513982945843665165209712701769370071215989148587131681606139343058770061567522104345901268382323142562550699309408959942431701990578582958548495151425871355087372349409195403074357149082544096649690804977139712
450,0,41706766769211287530309382092053603905650767320336851037001445218293738053544229050307085175847367791403448447723414611305711449711920852541551876789519533473516106247434219304923778584434658278472402132438043696793088782194712077298180968327151616
452,0,234303642921359703432655704118408454211942467236945179466563188976958252891968407416163394569646374442258265561064432521445488598442528384827680043047817624130163485632925116469317358821713523575882887717281248261196500830609628743648078463764529152
454,0,1301300783595287287882853447762840108975107541188248370733164668261231169052290320467190188990368724925093887865186957976464738043730340909461932590830517723137783960633547478825700721744914701668899439722221239687812689208290308234057084917205958656
456,0,7144276233030850837583932020756703702330757639363413001386298158186817144279539327597502020106550188659700746937373932734741696215667870642200274717359153922397410382465043982313446460702402400437680897554504030452391396334607854323689442678954524672
458,0,38768287372870907344402843160305476968556435833200023431796681585264522691830808325599671681448689225124386716830696879418055690228370387205925244558789045368686365843904511540862845937251567267251319081499666093527212282702663792773361966014600839168
460,0,207916493834391241702267848711775621814116892595375389666564321842871379773514561936678649836129007197352664021572059614337914745378778239483781157786322933281003714695410971859507083444164851854730910386897363110682079765613742039915639110290762629120
462,0,1101923721759134206144338273579493580086257819827840810358863316070695027937202503576477598799664408693128119373932158088352192642727996604259505880410529916917690727397967860726734530133712229468521540979814011658016405579886459473582352229090084257792
464,0,5770599124969336758782776511823366671861027131184544116478565753561805949952642885879629107562951166484309019040967841020412613017248448691389926646093898962490391079554431650033811537823435577607689064196786521420688872122821183025274410273415813398528
466,0,29857524707897950660309269451182531222152529532928399238639968717827181157473022484982001443245035910923395870983642833238333625982826276948324196968718161666415345737875305143229016417196944629344860201280187296318500517129751088031834885730191225651200
468,0,152618500441444693458992123860794317359389424593406811895219629525786516366892012033471173679194822309335996637021020009864206753334468004137094179168684658069132215326838059679402967632686550998728630490669525472320451460475269844726385270827789641056256
470,0,770616407155029824397763602474846476719911789240357717545602303885780554940961264935370689218579860142905325826087516609555929161372049888622532420966848189547822225119696957285446039467033235251842357316306910211251276636798239721982523537760187192442880
472,0,3843301469370381845379096894498054716719320447658678434660202929302264537491985997719551742920121443921051207839575171737547436040873422857934078043484001103029322393458963515467086140891253094635494330145512193062139568421532157143278824197663084710461440
474,0,18930560710060454942985410849710587256736414429287822849586964180926215849994719745153696416899422025651986660194083117796357355601370774976288981577860960965056423889948386575207904099075710580010902955895451253231907401470158546420219155403787612631072768
476,0,92081689227621268241723711218174270678165468582245558554892436733571595578583936794962352607109673914503763924295817872566040386615693660500220641254727494455324834823372745819110129202128253027406625957559829436875844042920148230605505567963839010388836352
478,0,442274664933707566824117093375387040331383023120614012723328502112614622079600334474411145169634509587355681432216462413295020033878437729221074147337188287439515437268569797191542900184005834946218267315918275073736508212184872995585488330945526266475839488
480,0,2097385711405318941950242435986373428317495812351996037950028108939258394119447432316865235969107588779693137180437600470214677801893340238125444966606935174113157081639052354012349448807349558525897933460701738776497488532457559359549969688097900064812302336
482,0,9819531055451489785745878550962989071537892259770306879765982423758899244652822625141469781511612640882832012390428180631919011695627996450650289372848784730184406711453406158566861345195740267207611573792254123568967573136547806909568684091540655225601785856
484,0,45382498508937964158313805949185615811748852229810831972170799163612798355811377072731957324357726496716735181792331381081313342723504806048324464154516392607999448428329077148485347488303504990558370950271561601535434450288166032446071184624215564855837458432
486,0,207028696990288178246823258471162328265021509695549975420578097182087761439270981576379302627962325381988283578017926173395811382746371890028707946187033100547955737466911829550287747956139892862266006915696253148396369313262449936931760580663970283360759054336
488,0,932130546328275161568380991842416533512693155199090410137876145403989515456756931511273809339590374560386771987109430194377358991954985611883986968330170980794775633210187060476835605341406969786869060719227773928032581471435689014986990739837636327478422142976
490,0,4141777825219263169389113859423539714426378625939142263265051071529614804831112291004744432863190554621628215964482618720901279982532264784339616637768984483405497530706790889606501370760678849886461456748555551413928518928942066805925112974596731742379923472384
492,0,18160207821070271014595105254430958160535042670228777036344497941731943809870821206432851243363762663493192154341000030460505825382634456744922778145461471230518786719896760994061599943190468476426054860714970808044311669242162393645399896353186531902296510431232
494,0,78566814130014915148951149930635072990550272162163999963745482909536339415348214480962407983053187304124056451847422153206162689624853947214788504918046203642818258253851101937040068057389647001119078944114754318685359792886437566462144617102642778348097288273920
496,0,335353160001956375694150157573100932395966091825747235550020247477203409543616603556470993393868422825058971383752306385171534150501781315303407672155816262632477952464438750598703591739326708443873550138998606331283211997947491301865013355604078111133513369518080
498,0,1412119565079631045722211010142026157373074160638460255871705221580304896401183478264088384649973343172360145137075699067667539296251583866511531256496968899851924769314960058219515979427953378116163114326178373012108443138989476437295460334517916962435340387221504
500,0,5865532872056024698702273602632595766095017627974418399713723119386337008333958577035532517135684682465759799417322578005583838107412465488298626770220785570037947745010688997555816261572569800581678865401182967439513891838335212166650820967960664989207857673011200
502,0,24030996818220041825302762725380055367168673656251779394713396178779213517290658221589903053535858616930691092502429123808129852227146250467859645992246842232474706923181789029534640854279874567141556566829343159000496052169763564447949064627656603359500692659109888
504,0,97101518776070499145492533849328232544832853092821252631825960371920110946702721595121184733052596456859261590773442938812105247184939315325532879990169631726613805617507049776672791907423384114550597342804448282069454670559150066509158563780726082161596051859963904
506,0,386929666301370834640717789525751173378699805456224736984461894802892613885436060977849371435242840675620889961261584973940927466273402337960070645112179393765328225349843159149468244280002536794824126116100448493327685083568747920035214677625735343992405766791233536
508,0,1520379032423490476012160104075108274973752783612643342557276489482856588422553428349508894247875242409512718182770921194006573459068321243164503250835048674304162404805060511984359110240865364932971547001670205354366246922298314818480211185344022014935124627700056064
510,0,5890441290636007683583511691315050793646330824075193867595432834340450986958975400900576390026465383950465204886873767759180963968457904342461480499224612330666568595631761663358310302478088641523499818386190977675785131843419770224510428826800125893932282543641460736
512,0,22499993483465185302741396721090595703023618126399855805664106520371337684726927068417840933216481477795591688834935171687122196624452632094687120222256210448325984501083709376809407078560827395888871740899140540675534804196818276543815143598581029034851742753251917824
514,0,84726297306409359404369421518933063809982601210136088923554621809254517364075203535528101358849176749077941979556881998617589706820365704708929813522475111451450563612195052097033742890998460681435763082050511324862490360786570300624365242753727287098906739443327041536
516,0,314498218712888933095430336167305948739716369428136815682296607617258803870472465262191569022796923148873927434937463945577701339695262938219690142065557747248073929542039259129035531134864216566538439613576110506606790091761875011997820122923986063745145744849035591680
518,0,1150655451464623478065150815346279025562574856625394014963468034690402863516667301198024551334268875330449004910421388578999427812009642872897103043328304634166022073398215729911460217284346382331487245413110885718210022229935005518480678632057679531446745796494793637888
520,0,4149184310051288619442075876963974454335930300637487832279346739193029005197494501961428723248318868270438081768569245172857631366954444596064317193758792929299740845228791440824148886631959293471183428604549390890905261988896989964098513969720740227010575422258910593024
522,0,14744626710816620152165446105095868477106505790030161499188343134005866983193117889802152614923230112380362845945847605073399197640419684082391862818665720865868291676683801928204777755671890532085267603695433256359540100454020566037369156128791540170546869089409888681984
524,0,51632350493958883722667212003753182300159000603749115624391695983246906928707393456155336233930629167301883628526345177685938338969835963780403683456049765021133187003779216081135139703476109038919491067139839492683639750363849900343901625406784959952071905564273064017920
526,0,178151961108587790260952722491327202450508765173696567109938375968744823815202952788812446114720607030321734765104489388895780188569407978504456573019081569729481937656044436158388740260464966886813491245031610223980815279861419734413267633427253981113503563598926618558464
528,0,605624649842734050023105780861514878078901872413659484529438130190277600229496699629436290709964906966328967414572836066361099538740892939357899236302037192276354763316517416913563239249532197368246244578478770949501692706752778340070265039857594524942221400858648717033472
530,0,2028263629114230547531464311318568887269176832213035835288395900878557196326745750660274753308333270947700343449115179881991403426082038568407429714659249770383936205326619596131982357135867055577839773678064507698424404936446290879964421638417235884887260382845191948599296
532,0,6691399183901575068663479963734671216937989932812329501561115803620372644478643827582920028472986476058814535088100513660889436700641813150885272988312212856494455440913837476300224287491677036765581656270606501504410416159426488788716634524213528146560352442569919742083072
534,0,21744275326384820606684473492910047567690620229884564085262079347853059852759783623886235324081970102149810401802161227722437649155050547861241642611498002178317578176114998260567626890637726968913566174542135276234512076239779366654906877395407176454938407159103088014393344
536,0,69594064678395687260756914470298502759369149555645546372330084471614158762803434377441299950981301709948938117854367360328821332172776434481084587735171531528799104947453734698539342776803332222330459198727201604159530770599143134622581444470805810491603088097643753463873536
538,0,219362570134915619762088173944126443753568047032853394897604562680499863522149350631003525830493087582353688655634357173418346839479402835087616177821421532605618212782754636251800291274449373644981798568129306474974628198063978088003459151431138751133181840269054268911124480
540,0,680894264349888467226030490920013998909155458653026853820340421276107176003242525937683760925102564093405217675967461830105891012439961148059060036962354886153781567567230048450035097479867236594320292473638808580355729439427471491555377494089799525862866361686179137328250880
542,0,2081073263721168485879017871210938730755847582753141250658379974582331417221382194490721753891641021437802669717791490240828896680214208832313028308250117855233729672030285561564486645468542124873164306945291620129572482672545776914480413637028211959304716013043013594160037888
544,0,6262521820415936632317873362633481590969601484079380470589532052754123625821343604790142424666387784285243754963592138583407517485303941600230531826363848561259506572358215881233425094898147000923865284779812750605479664691092942951085096776133794943275591478793842883205005312
546,0,18553629126365886821601609756946861792788364042294030753704557288014540410871609964969110036155077954752358453921210039434946179334933865687623317795239662808681952158448859040091531659692798978090230114958913907045417438730919136076060024975575344304042692519042484501993226240
548,0,54111510130053484361433393705856871976179358256499896659301634628649703898262689027442509419702850876126243860673181256187091723750930415853340824500754144854005259216687107528983013056636584972118147273054837852515565893746998842350523862241218737137494349705984843991482368000
550,0,155344142876641963433373606671275282661826908363614496150100724368630123767434692600656906012218007825235412277180874145415664193127619956640475168421744015786446265477027117106750556872401993708830970091474881442179588866708307067055002691124077142524185861296799864141845102592
552,0,438942535219748719416417735474094205442755841566889830371374627664587806365808522417053435401257047594953363368133922505871323376791684061871800457341780012679459319561458709177557010322008851243859432806219732079563170479063263830328705560630603856302308290050390717846654025728
554,0,1220649336176883442332776861610116521995448278093047271538753467550539975621187545817538205862813095176732759663085129316140224534371005793460267743597842281863580565435942630542041476169841660360011230942277448381911707098424203105070122951924260323271860748779233516967941898240
556,0,3340468060259210323959527715633124021438522941919588393738365728018785121972075976303390500819605872254308581268552483697880649126748425917790528268704190088485049003618086844478130525220978132973883143773454082673925005747262079990783488990134547102660980828585796927902481121280
558,0,8995375815955703326209530782321219325992101165513512220098503946224656935159316075379634075220289906717764513495273601447769471174705916772589344654236545545675005396630844676411836996726116014026550186714531894387277662479042423819602679725871919237638942321504889047846894960640
560,0,23833566403471535570229166372001124699561921104450271845316685236351514163029685776715399627967260088885510290653211434662203372019721453423530718449140464267795828404762805391317407046385285331464783203243991588557440616549038138862688178898995452412572404687452492390841530187776
562,0,62126705559515613556651992532256956362697616758155173539410769129815005894909351739095667403943311797187769453312338301257544030961032149085754055357998990940743470966924162409285616327075940624033903756289226281514332082192315647187279370709137053276359207319104384708355622436864
564,0,159312068269111668668027454069870170126185210771143023841613723138581647753988149813255595305284869290922881739457512430187709231946374791426190416886885885458718289614771615618668591984756640968022705777939577523825515656476700165857052020990130102633237255429447143771377005232128
566,0,401847439234743891473282097812905215893976726984016335362067768037670384694386581245836217695684165107927660904400313977392858719671785478876719964382670560381121026569443897213354298503011972805727509242292481623868892157562380561613579225685517733944996299204091224721169020092416
568,0,996957447042712963754882361401239278613691453496038653058405696577486829654298465779463249573618103140576031950176553856597627393334387977910082160896332590061629650128185992888726751132663939414337856296170727849957801318859687010575967117398087000445624830262493392836804562911232
570,0,2432513137197537731105484791997885777571279692485596269742102378073983816549053670230844161456769343185037537641170250107727304909811172187354629877551425828400809242278245072056575669104282630488872510147525884395441273267815821041430683027377410873443610433520604111340464339156992
572,0,5836556800811762639998553989106228738137895131843930465257566179682524050636873556951027184031420444527203391760593721256392396185148807689735447654557414951085158793063621913633962696607290311761521277462263330788938034585580312149211526391336166409059137640176394033623572016005120
574,0,13770207053737074420298531589671564953159505533368658965858483274190742324880947635354079553745822810740481672478612556862007060495268786961401654710028826903767597152680389075370328644572017858863086760371522925923520514800246165665076133786138415375106827817706559614750492020703232
576,0,31942227077390748439129469002166483859193265166331756030304949961748621755946263766294689861936589334519972957001056828321079274677399026832702176297991817734378487897167468138350626138397555857980922805823113330946819715071798537401112884534420674735310140499021877018576597251260416
578,0,72843203145436252890205957465622567328360604864828863192095258364072664116620037291947712591580709341445350894396419404655256132007487598718209252749062144790044235342012938947489418098832677166327704897617057818507985945747496145702056731310913638661743089569100977908976888227823616
580,0,163293736120961542508167017279192989898796561990593921953567147532334132143469998188726884862516982828212184793595860149422274257648302411419806760985394824863648946710453419480836676938504614710541563719282742563223149769809442480057277871455905267303023162968229666615524721252368384
582,0,359801965803114191901558155299242780282228489205253813295459428997622261996986046178899374596672324755926535776083918558326408093228781448500089018471977514363517625417526412006989631434711160985286612519361224397117619877251592789766061786414091789550053830086970748609201175653253120
584,0,779161017861409457333348602333256943734927540079217350665962717568970719365267970230804974466768733699207353773385347914751687816838440598754236753271763554404870156314257694050463412657490571153675018620694301302386533219261074059660640854226346878546899494624061504687866111667994624
586,0,1658120148197276345683969965793474551204527463657372578383472811388657302865459244305446004143810466928921797753310400720520291847627972450239510182177616434700938614493318992058370223793742056166187377627107273326199177241672125576782447081193051187680856529845375295126441514328129536
588,0,3467244764034530532322786399273827201546045575050848739612750212563158785358866241254292534800986239293683811882846054992793468887243610064173782372711385241786656241736531333586557493786496840063537038921441713763284333049832581599300238026858035165342836619486926992387598269074636800
590,0,7123386744291532233232310572242701044971383946044255776824964568186294930185069403450358528635032344471843816911274122156005563863304424215671228336681208958601101987282227403328318767618171268996583975416875083450319889273167332961001495061070841629525714479692600357848457663880364032
592,0,14377221989151733207307203862469441907264611678058234560292280067603678665102145378634151032613262394324862053706732561879612570715004986740172262843368629621550239334977393507509395113712334885186732228876144518507203648393409833000648694040711347690712453447490598975811681941712797696
594,0,28503740120698442825632272963338486680060530345552124342358845627488480450029241076617187301170531148847744251010238216721907073323689556066978278358006452974887461901312464477979548634768393504165049902031508873907884391980380743869977458758623737911591751212063340000404419694729101312
596,0,55503215474648038119858766675487007974251457884854438468059725143035258823830433590183629860781604109661407181893284382698052993479494626760817064530412594794764289874033912617930167423843474489339666782029151032029854349997909488546678572880810131964419812750573035783779056780008488960
598,0,106138717838414288251806190636078443600514908124004018694071598333284487802445457266379236465189197876559029886245439456665551106754222046619789563718470814424965544125474663808167589236566018034647072704063926033012525039816711497855902394929705190545955926676359964057832153429051441152
600,0,199304829118655009938059567580744391492996430955565000907607241799376374842311868929082412337774870134862347449120788703027579371648963772091842096018345964685837567021604250477076430431581438398111442715449723631611809562743425043011515977201616642176619709641988225237432785617345839104
602,0,367449661338842041773432366670450030513681980453169292246836148232530036337542603723037581950464715872632396874230512587523486917935878450076247335478829429496832560778107780270037705341035439251859529885298066582428655753566649049844962748926236339756285689148596963360649718183900479488
604,0,665059471910692669759648831438261427283274929634604938002828181182268174235559225474364854949059305975039870510869794664067962234335051878676822455021173705840213707396137341043002424857551906283914953443820334149198981353691553924081744045336654918842602972639194394383466568988204466176
606,0,1181547041794785569290850487757256167658385314333394284543162206504679285249987636964762849092964444709889428943546465430018716773663068429617698428011991604129902398458772748404904601790476129385343187172449215000109086550928289857134433960170342124619791264969643297833468031655085080576
608,0,2060219223572842888766017319188421300971482245205026664324926113714317655921539399219940143545308597004090523343412007635900743003896884408696759966683347335140242953303695157608316614548360646242903256540451576380518936555493649524383935336834960589773767876083352947126948981646112587776
610,0,3525253359024679124037675824288548074158261108575599252255477458733662239650687907233177029136748737717272838459551695348030063535632482095121408268519830755809421392506163721357411087519655399175205780718247603260598542993047814004273448480347262474330081932881151268440293995888133537792
612,0,5918652792649877918526125121664594610803002220633318096747536277696111575949250439617056809936372272122565624687709713459186205445826917836636637162543994876706340246716175578007310086457108292668137402886674455725193593425000833944824932587380120144828023315425101433586916677502187339776
614,0,9748788438119245546260464356067333351546047790785467160887720419499421313684165598410764206162085521433280936157014855317821660551550224543454533411609229845939447331049991817951673490475300715625938834322759261657073305730667584504570189734707427109434167016537262778782622944945720262656
616,0,15751129822303884118127951137186731817957681470634461831945605773299709451540115941625280743420755793414827292783684801998112355937499968594089974074220787349713140471147062595314796853499293117335380605476957410765990302816492880362824667829917607825922076404895414835400591135825985536000
618,0,24959875612623348383678383801647367119824263726470779807531422753370547359557540207608430539503418384890633432062563385056453078050672430842972946390685899775759673627852407856862921081775803084521118904546020747691236456683251320759479435049697513231737936561962365756719523794088703819776
620,0,38786212018393498139253396388367340183948942341241479144524848592760912578188235644933994377509197283021168734375947314763348606377314876628239682880620086970853187692225854350671674420916647212817800203923758558943068531219564311067109285271922041320030399924625647968970747738123749294080
622,0,59094808457517349476181465102615645333765709626225196537776499477470784611629113579412447584106008596296225723853291020811987274469007250612597436839353688197492313154522864960638425667106590706605235447861393037981942113504613656465579714047681619218413279333931774340873180235445374550016
624,0,88265125826574271886625506022141332356839811565672791184297904384770413380876118936512650071426308889379234462300801577489208205368030052479831243201846231919675539048420123086868414285003822747474122317179346536991753555905860481327348862870946386789500830033076851466573431870926366965760
626,0,129218779877322980207979919994008028174599471824371841839699438419422581784855140135560832099808990825386425118686476583444435319267485913380135528837268250812550677957911034679272915189836389808962383023428522013098684560648141922781756818677282923227364970069376614697576257745729469022208
628,0,185389660919051044324909155699003279475235939542183972387998090677778382983062814287118823474672474821558474561674338214558703257996483539843824312839432649112360985068324141733540362861490632760936895156897095058502979859423513007161186651891480744867087812030431613866031184126669691551744
630,0,260611307589918406071568761853193766515835616299460810670535168210535185924489663388068805308841838389184802876560176177734218894534515934836707544260538188768477371922618904742419756248723916872880519817946113713142320619446045924402859164126598463674505445167473916280252960340038301777920
632,0,358897995769195748189839685034367696447785239919125593365239191702772032523322621702940387337386868455333909226557879812424414437950288637181994306585719189704125910941593197988868777272913624040424728037252119521945702497323292702056936556666481623852278098978120366919960326537999781199872
634,0,484103881465905768534545698673664789506314520615443709023832273274993889281902232509512954055756287467468271002251285501774200737932801019200899760790538196008201610297992274613367872446636947563221365489437491786813577444553472348604887181378646211462097936571154174820946331645754998784000
636,0,639459451927722756825412276496182167239868587950737319767530690912463016787855672525946799031859592829486089006829430738647658663937962976943822365286922206182326765321662319329617527730928966099484281638130842287426602121864060302137509356079058437907264477092055958727731999882604848349184
638,0,827006352603970468048864240029328591095589203630001008081647806366381053464484245710500933688138596384314093641013220193963313068541089731317779026767014049415181893489967100130265039527005310890094962179523607319852389638744368681789684370268523372071772888021125381595897441684338845417472
640,0,1046978395730963372027709748703781156956968752066246848522265367032588731286341180006017831904101051955221296331933228785975451514378550734523472773217812592893702249985210880605612840523531427528612008729410345404228686834613724743261051476567893317390236329867065493812456616867087320612864
642,0,1297204132179029401903494441952557956272756854890503700057937452307467500456097939926391453091686281967279976481012439058345874835377529162994684179275569331228925866812593068489193318048565279137474668885384950033894363507046067703739130260279888422550574149337229348595857675171734686269440
644,0,1572628818981809597244043063330398068411508208984134783979308042484788289256915615401620190748585484541716383085222212235701605315947913939907680467229197180171251547900154982484161531530470362325281713057053573321126725420212236295275443607360146614199250165063514557807879033392007481393152
646,0,1865064006839239085631819217948183706933591915469148493987202007768074777099900621060661975240799857536446752037839464985136660198503416756084489230653958460333078161287148587438751914716950525747893904305971037018649715885567434757040091292389411579560443986562349810348629622815333128601600
648,0,2163264950203488918837406416330474650240723917546428417417787272702138683382934845197249466822087041406319359842018780399990661587991737140141727247710504948547748994323823554022080941464879167611771602142977901544868854230466997526377296559218118491175514309543001385331494537615351620829184
650,0,2453405772022689637539053898047060479307117002951791210652582575562943953445215190064630829665830505914954010525794163214539587365966067186989987073562229361498841780795723778087539835210413192570730754815989636073982836472267926935308455039934054595659901442478773745869748522731452877504512
652,0,2719970323798430568367330684429726677622424410298283502362643961738577309350326924530726085151283661058649370467270841097088746135797550095011872285927087986086694908100244606598864098515748007915257877757704124974169937117177921930205096989482920353920746935732594461261190055475565203292160
654,0,2947008986250514332157660293117293929824724463970793462116741336839716289107728589901963047261011721997852337544728426662348150758838812583171503821311313339918097721942096632838032582847055494868457493174453175414840914270473573590772565121441246708666441040505753478502422370230605761740800
656,0,3119639594703870134865872134674298330790087439705822262578917506444882606026764821194940200247120201219001381234202537258111095643319372665571141603084355597600602922337111798578321917783377486284251879657556844218490828581878077798573515474308742362565726200040183876875784746798780206022656
658,0,3225609140586370882403559369082047653273954203776984390615764626264520371211447934255470699747174736236134848123989141330194839511178032695526814023167512868327491823359742229698800662224208545079599982001774267771698232405399409916404495773876645478369689580828264029720190425818374195904512
660,0,3256697140276126714399289148812070073138568005199769223924631434824923267347973540892738956073011950890327003199876236210827872639572464782756790263349907988968701507423690832157925741126175510849804549580744021494697160567641831764182101381322740190460383604969405700340376695855633146052608
662,0,3209743201016200763664951145744254902011570716547951749292639938341957505798510543819454170355024842177231279892572401909155766116517480433175347526903515906949211875460077737633497887074896064423487487101418685465596848272524704333197436840776332822845808748468463226883561760350131718193152
664,0,3087124711732178207308673123097126487906885214472699655757747206214908864756170924617955255788837883900771529927586094229281467032238777894254759831477372968051566037467484134320131625090714638984547563969999887778641300856701051238625641390357769751718566095745662065929852618054632728428544
666,0,2896590698179410292457922832913230287177167027593218648716168775898237044835128686616204074416967927017480029906153021053720821758623529698565717853138563501893317361863323229459169717411260217722706857251480165205786720995320237285992004540591332316729968562392391417430223925605608724627456
668,0,2650460500002906022698785758566574292173295697501013210795311061479960201742631194170489899106047159997677106438459496554127420151055815525772234055264333489113536665534674298084098441531829598128983183045654409558959282453743936806947978656755935891500783886309437209898911436691197858414592
670,0,2364300542598102061778793526767180771876534094289557752714017391478760723821300612783343406082029292583197970488355210757400196139837840939635360634898427642267990462427877531383845867205789199726084551009040801340887521609801615397552636147742006140605473751873059726303860655467383824056320
672,0,2055277141493358385201368542944119684151087096188364753066099185906708639707748168549049932928922351882501855499333968252799349628189211482769756769174638237123409352396329410403277626021898883815363181272280165980290841055616683979837418880210744651395235649088423744822080610408395454808064
674,0,1740430159344993800529283686886373955982021886627248949202739786379699654700826838816923569214484573838019151310484839124822076424404116668840779818892818640884921831560353154294478989934965584501235221709576652659725955453791953167965728853499525779126136011491434769505007427278437269635072
676,0,1435112329259252075563676063567285435245680464692986536148926326512233638048673339194245735283292359762746717252716140539493543177858975675997581819431518597803466247667356274083734412230981970935477270974554243625119566879439822255779848938310431460837785006455164712321949734958480916217856
678,0,1151794041868328050111362441695437498540093282726029904396880900241403683009582029739853297010548025559614079176862717015181741338636302370950758886614260207357555840633310981743541898845896074691192802647443659992363029356822052565616942741814927986057071838717186789468660276200303495217152
680,0,899355451983872926296292492479243206453007808761081806925896313074909709468642686128532119032940846798370021522436235080975649631827281105066082823430130835065163665705999708360937385109293335287474214013405029351578567025483577086760403553263173928542054357716781543528058884566843960328192
682,0,682895644939697855909445080544368363518595342022076383790287618083727206622542400306532475955607951713072249673357396417930135772676069909337631745176298606961992851360001639493127885358191805968068691850496850551734074366088664238668755068734986775453821510573153681040712668325869938278400
684,0,504002579177903175281344673370968593937764696025824425576907981257582440197340130169084171928091960190343657314859730368291518194294827797626609268617199261454604287236795600179634816015981271174782207776423808737528328427305604147620978443961231885956734417656294480164245952988920995119104
686,0,361364212737239496470464236226259359502069333576343501692040008673957498389726551494360667982111121987028389342521243093521057981276388231535558596321324226201249510761265905778685640912289092659147633136723542013158435079134284503162943809651871139176766842654089424541688140159230519803904
688,0,251569941275765228537484758851708332663049273902578039052701028558118096419580675845002612727670006996918547788263141425985847409064105467142764874542416124039423835159971656840784122379127435359555493210605163358600447497876095621350066963604822659613343233822469884110445617403644247801856
690,0,169952963445537139967342992289302447674801339521024815009789689854252437496240413188409893618944363237933715670727104302748929465717159388481105453587402392961857266531954840247905105810443049105552105940184003747917752086392628901592458066908140926922679791488994793238528795008536441520128
692,0,111351802983212763992304917584579443052712235483128314322092334774242650449727665129475315536586768524036501957199733241615727572478680649807537949712807422931214162870304167469738890707492384173768900497486713163432924969059770166930298448842453805302347324593938935959359702962640047308800
694,0,70711877580470833657260119024773405734991488200801480060299406495166959151014534817617158704286125135599805057989192111106775104763388364655433011287389770722410843619445652475767420667338944456076641322986789013853749911576326272285886822114853248676868286064777660999002083028476815736832
696,0,43493764320729381614058772501474634726775740463028468873676298938073511816828567333770619514326797696458012982644238962971874573867279561370909193741893502519498349192498708483636548418905428363188098037339561880449470937644817865429063054014807937792244531903352852645202042926941543071744
698,0,25893908832600377358942578505659121282260414587246456132366714349084361479743513403647909582311953550693277455072915379083290056400959425048044030086212107290237080117489573527812246595353885208739509798007106256229291905737302975084257377253056019894783241281589413325612357644020246118400
700,0,14910179608042952166931192206030649021668425230686354887668142493871780487645647355448171030126488044482585741258768307368329888894833587583626300953609292410252855020708946678906246588472004208491698798307665087423571831446842042574376371786826516387946103902123765506312736505187578937344
702,0,8297400431768561480756929982516263251470776903221625528280549061193086750322369403999836425739614159066644076234131392328178439977403018698242208876985210362808926094562961717473094110280840150898863581707535785005636943927134032750258792610893163415237386763254872183547966297289380593664
704,0,4458751693112168361146963665011279185292557593839340967340018542977447425195858103726280337507575328337620421919735273375268298769331192366852664456083031625350050242857925744778883226634995397833287868334130370571956203150018645286334053220467155174267034762233926816630964228723927154688
706,0,2311594529679347453029678389881542697279515604207609042880611805103628063479349053998254136915612593350838339984138873323151960254384822250776129942807078118602079078720363929175715546724159265147761833991127214010810302920898178798878108081297179020068610315617750516139217680581053644800
708,0,1155119589581637088205191697358638633017441498878908844480585038554407583506152426207439518115230348588726282461879632632963674817046935567497082917337010397086137205036112805566443228728904888437042474797956621107502320436439163877358261082563052352722072956939259854530221394856457011200
710,0,555803364153275574622397138583500921441573048358305486287239178409285881855992558915790625174970544983087166589876915542875294567679447112789441341440595683558283500493078822070381638454975092815385310905424395114116746607637717960607224076127603582203447785025027970137462446511779479552
712,0,257232434050741774390091967312515012680161543861610214459788211320298149205495223777653705934692889954622741498011963126413271078898567777342207821829390444087492769299636047390965251540059473561022423377042588804195308855738626196288916139939625187960956014718174285451706937845724741632
714,0,114376863726150125290810243431861713414408990639835075095749534412371942946838324505599300796586837411507304653322630780204097221662876376715224606041532001482266286438241838394459603254133953630036955936598436788771114734779579945375267402046614388785614405829138452014802559755540758528
716,0,48799859524261347568930078289928453357632772149237585939327104607345360520023178519386869845606099884662692142454866741738887867340988804451929656344875413754288055782745317185142484594026750476616643587187119680922447562485790684055117742173922453759909448676031651942980326507814060032
718,0,19951939991191939850255185431672679722073603537041086254687713212431924878981871805077298365276206525896804759235315208243711940684141232813008592846097838907239172062629954560581864532759467133608666700661682342289029284093461551599994560850657715296064590366991164929683999541482749952
720,0,7805655478160577638707458038648484517445102470270059610381096548513320274159268095371529533543407352911976796313151574941398025679173314519249776544276611199076857044221989481743084039539421372362295469257953878181063434227021553723003145440373609237803173755336452363869017044391297024
722,0,2917496818262531726945042121693522754133154739335850388603485832028786278392802168613292333873187143552550598106402737391447672627995954385373210861217725635038446587557248919811091298420406476144137671553778614278813194489513214785808128235796788498473442979735486767309749879765467136
724,0,1040035314976366512714081716097753899997747465524330749465050997172235734660668772127083806419481762507378360833484552715960380101739679704243674687651765512907228338676129161861027231629284849058964470043259599444419043897273988306672382604606700105388657464318669083077716991719505920
726,0,352951742887210204760503775148984562997337540945126812052922369351217940046539279127209217783581075041508990893590474875607212010904942366137607483656765245916648255576237187063137844272207775723903929413688016995546203415307932139949753500343295710297722083319764478943474485431369728
728,0,113796411977961409570504910293764812083777295432522907995230450340600257363603488636473100100228167963693829131373547357933879865363383585810374691579737473675506121994253254844167331095580797315108661553187484002521930202121256751973379855729746078208154870345849901455547835000815616
730,0,34778962524836329722362335388647482341089245226983051316336906314107231352935298450300264497823515863629385464300194300475794616533058025267011149299134148084433885620061116244753390295154289793758149580068462374701180915262715061448967825880709188949520163853141867663872885784576000
732,0,10050951851263983088780786406184807028889544363460987775256390650516703465622685312211816830847818891556286163459494809902203020238824416201470618074508233157428813870404893432360266193594520515737001374157284916865562856786991164390999382522821210982538541530893743721854017397063680
734,0,2739116070481958507457589278323759210036425136229786662840721036716102719969574787855129813519173941726206055574699219093243235810797390412951803467250794005626967817723330797488520280638755700398181359704362987747719371614850518407307099661587196535033520264505102874814854329270272
736,0,701776445143903334766785607761259400502852600552741530475783042794201563535355353560442738616418155746308247275646573917731275632375963519873790560214411058661261438112938814335878072417879934214755582096494401470972958253560407467223200839834807686930707074779409324319368720416768
738,0,168454213619546027749662050275107575560289867347709192571581336558355248731710222419347936448586932967193049806656699353772619229188466517372639752494721644839794910190088134372210665131270773062636383740259195016721101145008446577715552579104530017988318055560482363717729489256448
740,0,37737661063737762156857940963996897503332148174701328116393752820116284685309756959014578635190477778790043927612496602760763840531643125919064274444641112980904318608741730116766517838109868539551140291844155028585428219202759028387499225234001504716555247859578313016880423501824
742,0,7855226515282051751166962018400863907681600210364912327271728592637230923184707064603541317438344604907167461911101240599543033192493922059919819905168888464287832878347152079402576548410688064555671385897711089972793934867780629306702122900277973929072384706785437429107938820096
744,0,1511564946550499223746177373171716572490047603488310685694104262239186937491298979766341060497069533689095354953531661195377457304070620630476081740592088400691323418943849814797213666677889264291918098879079579646980272222178222287097437681885896501196684356589874882172034220032
746,0,267311177796843165041897662049943902502879794365030618131953210204909822410599168510146788881366445175178510659536084349261984363914701158861869576299767458633029453939439816425461427014005319353431154568875283916372753601259924281388477615234042580453944703171100116149895954432
748,0,43143812622049642707210963211137970263752916856881465549506585619368652449140789358387064933003575506423523830181051589658150101577120523609746414526006324397316785578051085555762200115193535356749298841290355527882098777282389114386203669440880198466962526876587666205864624128
750,0,6302927477584704585153134161832968458251050874043758535585036936343543483210806981780595112168083221983999402498235558278901304632902082617254510661528130947273945538089189720460679154868304848150662406398851829312893574959216819335994050012499015881496683643174997031628308480
752,0,825161920572488283709308677254173442349825993835633564890894886827214618127798647652978790154520167845949163454302895089299723219451782326215834367597902351946716969342615232281244383348996748752971535712419261384251363752204740636216235841034152024849584990528670033216798720
754,0,95615802005665418913088662016741527471333255049053765357207857667513821691076282569811750932807823318701826590909523347845291812706893521824113810261783832230652936706243045494129929983598436895819088557756661144914061854916931522489430287839254442687555446129142088589115392
756,0,9653616282218471740857027101203438072534826288233051444043568156168248048741228722652759390060540713805177317704630919251472576650979472786430556202946679545962583275135484794974176559308626831188494772841769392276256034266331773138114387080247470655453684396478074112180224
758,0,831919238896315535860927213360796413592343982001528760450625581081131777773933958229827007530160525948370943612048597380823431376205020017271380541513173633905344201016590334264405366159172464205653930769893232899419046603178981995030676347625005156927192016223356003024896
760,0,59495547614546044609697977459357562574196785661664139632658122446432222807265320294714515142419905754206282045049960262858514373581055788634793619457790951363666892713048369341359520183485851048774253148462961557477744167973015387630888036792163111045323587131637804040192
762,0,3389901652218073749665770774349542874204763382433397863201924407533226199744746599505709027017708240397304722084454746188178764044041994233500385028253911250086291238703039704234438274940614939859338191467855711473377079681136226398582666289484934087629333861623903813632
764,0,144270114980286075057364809386314243480811832254281505469071220023623501242433169359921277913692929341021641689512280620770374672473036849056159774633189775537649133796349790890560992870679748999093474427271929032345715388612833279666168695493556567018996173022192205824
766,0,4076767275083768821307482760807173099120637261461389609290261909805864271489718304784219556624768798562615850546702651903334100301074406705099597836159456181463780843041914320945604186761162802400031603719987679083130471651294891355712895882233000435938123275103633408
768,0,57369786467290256244706104330715531837137055086619210469621721303988325474726076086854324605001054316360762974379215951540313301192603655528397557142967648733981981995707582345300001479407517897071093791579378597091726912956188878928757006958477030833132693991981056
