0,0,1
2,0,384
3,0,1152
4,0,77472
5,0,452928
6,0,11559008
7,0,93221568
8,0,1462767144
9,0,13586495232
10,0,164797489152
11,0,1588634953344
12,0,16726786397408
13,0,158973591041088
14,0,1536695286159456
15,0,14114926315889344
16,0,128591952888234132
17,0,1135877017071211008
18,0,9877991297988023936
19,0,83979391010623312512
20,0,701972823038917466784
21,0,5758508522795446772288
22,0,46470708154331197722336
23,0,368843016779037236094912
24,0,2882825151061972067806680
25,0,22193904004675976375002368
26,0,168425722329525701431484160
27,0,1260419562511594106164427904
28,0,9306471182072959395159177696
29,0,67824872044674139059773418816
30,0,488101996988403409678273505504
31,0,3469805242138296139080596122560
32,0,24373953578294298924482079212418
33,0,169243016182049147165119579520000
34,0,1161959749807724343839187554729088
35,0,7890200828261111671213175447803776
36,0,53004930320352468359297307305561952
37,0,352356610568315507297945041040799936
38,0,2318393540896560542984625584163233952
39,0,15101663416953519660969963706363526976
40,0,97405668447192536615765108230833493176
41,0,622227422576379814543965821836023004416
42,0,3937299706505101548645372875840719933952
43,0,24683495514591428524428117955769680881024
44,0,153335968634614468191879245518321371947808
45,0,944011013567174001066109834386532334292416
46,0,5760611211990197309089473474395574103903392
47,0,34848011651006398108252042255260316314679104
48,0,209007394052870215556885609290267390105462084
49,0,1243004760638247576294422511986945468427557376
50,0,7330977756263733831816259541707507588063462272
51,0,42882174472690361285310812288896158215580378496
52,0,248807117184377022077661392087729449075928652384
53,0,1432065372898276882428358852663794832892177528256
54,0,8177444937730744182498364765716320459879325853472
55,0,46330364476823132070594304706663808730379139163200
56,0,260461564310345340323204480831407073851408220306760
57,0,1453068266124348117417715856083997493082615108339456
58,0,8044991774388696491978189791312618273970129553439488
59,0,44207241193990862187395355776732058356757497904339840
60,0,241111971771920397464750055699384649490697295243297568
61,0,1305357325979606167391199901034057695894522606908166848
62,0,7015384855770536251493274181879038739610389760069050656
63,0,37429130830806842004815197787684589140597514797348677696
64,0,198256487198639632013956812155003497947111877564354538991
65,0,1042620823053804899580888160046562508937436387753878704128
66,0,5444114859016969800546985311776995381540920933593103886080
67,0,28226001273037346616265626856988806706500026442292248153344
68,0,145315079384126989153257659284560409908789448821518487801408
69,0,742896164383098722691667560643552203856811752406049214717056
70,0,3771528088262010074650192788879273834116190713035329235065792
71,0,19014851340782173128680108397118714104566598268651902939671424
72,0,95206880950447792850693159888599544622872911007580522082914064
73,0,473430179079022913025470661501415691850352984662834866470811136
74,0,2338121479495764332888138043543761922826325675062816606468626432
75,0,11468643234320943319155345034873863169951787327636936775031021824
76,0,55872763740691299208811376404219228025212507899645548150204337344
77,0,270358308289466102400172469161474930763487498549711769282679319168
78,0,1299385710135531339871120730092164513523138099834040440019347520448
79,0,6202998031587453597649175524963173722574220974352164871943200861056
80,0,29412764205332052084890002804103984385579605094255500497621584702504
81,0,138530436054912794305645746740205108763389618610775223688538498073600
82,0,648087022703627690591160338698815419643813557427978831643011574286592
83,0,3011638947937584042514993919275523165519194415320507258436013671745792
84,0,13901310028619137305323597862871237256374189875873183958966648437731904
85,0,63737157088313161990981912525952185685302638030255654612458996779511424
86,0,290277771409527345850704401318986490579827021685378551467954137175269568
87,0,1313161406756293625164931996799980048766851556287275764438224924063917440
88,0,5900704904265620372707089154005404725974003027628009666553286276161072880
89,0,26337130949825284456854870532430769804317094169482271956389126539848147456
90,0,116763807057620537404733694460079476649773380015739752605917918864871132672
91,0,514184270339866837724180846249124424774264651105391559047000386249139416320
92,0,2249027287165516491085938005428493797896089087177159263706787560414305067712
93,0,9770792637084349955660063176711072983938460734016732756880647726038419659904
94,0,42161574977758391506638802083076888111195006531223301303387682927381085623488
95,0,180695657569194730072989888288189959862559451121796766050988600769610461146496
96,0,769154238807165416495053286197798909720872876502119774612206541733569937529628
97,0,3251651701728917911891401659278905887746393003455023019558408595252230637676544
98,0,13652385270963165549520463779425997526635377498585920355032014687104857366393088
99,0,56926578887812379884211318093437162013658636518935839110574148566079982937218816
100,0,235727788321415849166031532908314515176720532413002825700766468841872321325872832
101,0,969352497053364697009422353401450892130679577598749006736241552399023213873396096
102,0,3958339338973668199247932125928434962220940899290608049280732388636293194456417600
103,0,16050504346245233757720211301703369415027174147657689381989104538179040254358537856
104,0,64623679258446739557655878026374682132402982474489623013022136535794945271085441776
105,0,258347272082575765436186026161741837620780102585881845181144494293282075023704640000
106,0,1025430017145462243382320866747638477708017360177672046235494374319529306001442237440
107,0,4040896326707872393331676996060257956499470595693081145726079068063329859208530721536
108,0,15808742669464676831339510969885798881742798307400732150995612940492391353884791211584
109,0,61396282515496282007829659848059248842860925884929376521716005820071408478224178193280
110,0,236694339784105270958633443018326891855556237720797509471144768646908392226603190480192
111,0,905752103506126237614061619965492074461739465828759602781516703620707125060938847311488
112,0,3440169214215469772948231220826302498221342699128132069812509664693471461128362387347496
113,0,12967944502903723055663484338796303680260139150525297952658599853670299152601248439428096
114,0,48512521003991467421867678695872423429100425144130911878367527080589383483196668562689792
115,0,180093028571424219169783561648382879727167244957910849333878530732870704206711006005054208
116,0,663388247634866744838808645428054992023573439062553699417840089835179977535687039644291264
117,0,2424556559487719603816305915873285322678658095869366417005913443817660267708873024918428544
118,0,8791333213005765621240702565106265383597927956125258197694163004921293736255682190110539328
119,0,31622595484170031007371929860071948762852444768971887610848399449120834680994945939766192256
120,0,112829148591286722598237001205687922439839866586696287738853092499944768281910306654607029008
121,0,399286787487737470374671971547002399115026463468147865466047073565877834703219638856718974464
122,0,1401345573954980454758425747820285056489368751147694952301219444286387712064022636911866797568
123,0,4877048076603342945698101443584136100507138512624506839722637078266467154842109890220894369536
124,0,16829568537348164560314919859379137428861390210597870446452505094629479799786759761127630115392
125,0,57576268957372385300220791256499960946073583397980597212716627615099531195132098618177460352384
126,0,195261554269757262183380431815285061907823974234183049312518232505183577508400302848358978372160
127,0,656354239493963602072781120566577717585763020163580666801286349101566247271006062390646946877568
128,0,2186508870930522005006413209419091167546617969848679498621075218862473464616403846662626056396527
129,0,7217652190478438258809523560162370582038308166407656995323473967041394852659330842816051947524096
130,0,23605322108333368022201624814439798529828001817058354807936341525005583695982614027940729040433024
131,0,76476448127022808331337556866847872745177790108144568358695325311702902985734200404208918092785280
132,0,245403444571610141959651745447112447448928059793633045997582363664494881435767441004633480547574048
133,0,779824381664471864749275376934884213107174952118360405355932276440785690502566223395910910746347072
134,0,2453582743172593060802175850592773559196897820388242247128430768358964986407535418690606801255308768
135,0,7642108097180607676087561248460388732685356503615838532345238625695412227948690298710198023627929024
136,0,23558688925196542909354710609648175782402968229811350197954146129433457650508714199569371208910768968
137,0,71866630896995517174238764915097481255229342517800470306819312791318751624096203664449491588625908480
138,0,216895247655902810915558879977054216478927626256170592516221470054646085311906673145131068449702721536
139,0,647475086439602337662416878399785709606296513379200362932408765719628509299920725562557844253900116096
140,0,1911371494588525052707058254515968373829060324898782909289715312326683975437857485236976127628813465696
141,0,5578399903040425776026672393613125763563546042936739032499915208735556000792745517700769697661024189760
142,0,16091797782215828044322935030741772839596815808707867410159799096267044926091494653937744376120952743392
143,0,45868210417976863151706949704997480694774437351780971016368838961458401207458810705994742174099367822784
144,0,129153716879386788231714189390299768823727925182002254140886867646465598046283122778799133737352657723204
145,0,359135803788314274428960384672694907752632972460001060021996515492257214273862361716621498964367483480576
146,0,985890634390182764386513303174105265897074060526824750331071353757696018122900682252219832821875361368192
147,0,2670981257660698686084227093795975600777589256166913107128184194413798938414197519095667559754706776595584
148,0,7138887488203597515741155768722735150444011738124376413915513932747336761668483632474147471840069542738208
149,0,18816744405217981992592522260200992729342180209637873082303137920371091971380780015911982037987645575707456
150,0,48892226126418787888082153344894211139954244119380225427839506068333419699106301504822051632650387078601312
151,0,125179555251724157419802166555805147356697141128007555458452978127922831362638031986003582008733385743967936
152,0,315668423002684557970960120090745735658476943340611124084016033349862886130915763285040253479809983398468280
153,0,783658840549945630759024029525766392619140958341132820316835337672771675560224667240831422294948112202385664
154,0,1914266137435357388042134085089865629508711251002330472842939007829686803029211678523160855399096098496926464
155,0,4598586741248353809643052580085240434995992455679377300457979574438843611988160339306213121282942140457987712
156,0,10857896245935850581850075965182410800657735734972207678814326882302894785121462428057973722829586501138933088
157,0,25182711013787318660322041823736061514335979151064542032679452412054061751478587837511660703082652263613796928
158,0,57334156804862963466847601517724325196967022051310372926377842730755275529873552880180383133465333997361957984
159,0,128049553511397964624656236262278696931846187943165552284437331397776948419816118149626609203778622008951118528
160,0,280333558455899245208470267015363336227770656855855739960688036217799263480241283785826449187423948480592428930
161,0,601118951973899591408271671092199299885207287818322940594388713961646014057151124575061373974462461882346896384
162,0,1261435544781046562983286575568491305638777914223820880119859387997673279820447645071330672624332022829834123904
163,0,2588169231995282266797864526062604270848357127430243292168393837986545191519344447094787146165286349077166936448
164,0,5187006312227367792288346874909305336447746625500901080195716644392672701596180142684995232797037380135654710240
165,0,10143262836348903216782530441614212119515763908519747722043184879445592278792772070793599760549498243980959318464
166,0,19332091684971456240497291789094239857802064433663487480606532647537583339926100843777573620993419133451997020192
167,0,35865987839480056363598020047678658910485768373506987970795599610484810982451537994144204221378631517219328026176
168,0,64685410345837276592998607969174970978686270780242186339088651020486209438240320491407784386008145605721719021528
169,0,113243951788174160271471193022642231133574206389173292195229212531604317418965594781623332706002179446808675289344
170,0,192139488324695441865176505736836135877794604496549373645650508662014456086160221554721405281730679760096829116928
171,0,315394101501867519561942726779414986741675959155614057670546136609035738002117956614148965244945617377689958385536
172,0,499912171310355557472967541125027960998365812125356503132715147113033084345948449792441750569619179094308310121632
173,0,763518466818769752939788057843834927291822612017618422052764946381501310050483166628292582298001923998783765934784
174,0,1121024235227845450216004500627391710000984708901091918170709857430050723405974099953458976978421212308015325776928
175,0,1578154130821153469568803291081378565888019357843585087740167820777154250666332234575857354082287468130669022879296
176,0,2124016011913939988079150281282526569989546820750194304747708570999305492097924750766372646602111088015559823781524
177,0,2724056888514626543267640445946793038796432287947399933276873195571961303254904688813699575752595087476085290156544
178,0,3316734379799677877636580623436876699972422997492826990500588957436360213045497538799869443047585878434132113606016
179,0,3817665397464331367409163068292173458969524642759601899239747409544990325666569263941493351137302838974911613523840
180,0,4133834470323388385636868855922424485588615933290848926277200857363948634739321553619500264989615747830822961843936
181,0,4186995474803956368572121216018181106361551116562449494073910853945563810885252533807220357124236318028413704463040
182,0,3940314612679449342113436228705041115554457802692627004719007742327800994749600805461075488501003228783612429308064
183,0,3417860667425455891178342471756494981382641931291537437592235768117079425315392292729612693689845494299826875940672
184,0,2706067250890490414204267844088855425859142887401479094102197367613344068154552958954743709895891832148026990417960
185,0,1932107251910302805350861855098956181953490231462681440673263005193320634314681436371295936429379094017576203643648
186,0,1225038859094194317171524811874648367188995875959697408846624471110637534229962739808320886903481833357922266359552
187,0,675948698758875518750954511292370230581560766684976996719218553645359276841782781288664352568189477965607100339584
188,0,315706209137403119638809398207181168819879080709052391777500026287039877119469107378484106548674101778220541257888
189,0,119880730059307940567102622664057039252524733496095076099813678142444770489376351542698013559077557097138345728960
190,0,34716498561626982905032684398086730658168939871541961932563466801395476239879636644795604167818019110832477442720
191,0,6819998416954666325718946281303858473269865681866924254204453614853895654201728632989844598517624206974681404224
192,0,682193800851432391727193784496360766177211638599324573216121583317140095577699231294774603704585448148210228481
