0,0,1
4,0,1600
5,0,496
6,0,41264
7,0,54736
8,0,2361472
9,0,2949296
10,0,98317864
11,0,205788400
12,0,4127714296
13,0,8114474960
14,0,153031359320
15,0,405646396448
16,0,6274737212608
17,0,17828713763840
18,0,232237292490328
19,0,748148245100320
20,0,8715716548547748
21,0,30507686575490320
22,0,317798178200527400
23,0,1192597318132408160
24,0,11304313175716534780
25,0,44775468736783874448
26,0,396151248765299437320
27,0,1664887497745155740080
28,0,13782918794294713271900
29,0,60284073900081251045200
30,0,469982981528084209142240
31,0,2131297014505572392289392
32,0,15820778269473789906518528
33,0,73891859373951234837500416
34,0,524827498267774197456360928
35,0,2509908226623749404133442912
36,0,17164345077777414101317151708
37,0,83785475741533461918914711680
38,0,554957065068661167429962817584
39,0,2756805788678948889205216146672
40,0,17739641501985483610144674711706
41,0,89284337861844490438534573854416
42,0,559825433853441405301725533492840
43,0,2847281353079892980203175548020880
44,0,17455019969532715036543031378590708
45,0,89512508133976582574609183960600896
46,0,537886793250387926042401729238735760
47,0,2775847493178955345997240896414012624
48,0,16389016098255339178300426475197172198
49,0,84993226166555530744011842407180682816
50,0,494050078117637371023657458278842673992
51,0,2570999590637810536770218546825542812736
52,0,14734088824675562827442560925949380186244
53,0,76827721871815692926420346330164496384560
54,0,434632699330682004507013930918058321949768
55,0,2268459119491312134401202780614813542319568
56,0,12684552385606907962534046074702047014062678
57,0,66214892986598024563859184060891117564495328
58,0,366364918480723750530029392615052122925653368
59,0,1911496377572646485876103700589456423029267360
60,0,10474928297427073297618314378509494652198687848
61,0,54593341288716596982622676366486908836579809120
62,0,296527251661663870625154994870430686387010289944
63,0,1542897519687631717210664165403715996269637796032
64,0,8311105813240098527828718655241774061643940498984
65,0,43151236212773577177582228746752873879913957266928
66,0,230642129742857619312358080281595840498629889547568
67,0,1194472720038487457897725635800015822901450482770176
68,0,6338242017299215579825638205618193863221480677478704
69,0,32733661917535628049713243701879975888668478375746112
70,0,172516470993057250648429343235149838461893181128246048
71,0,888270148679348552949051543063467661253141568480612736
72,0,4651408565010177739670432254944499820733983355088237358
73,0,23872283965949605415267681660583395279532744231844637664
74,0,124240076307366060801010391862851433606114812644206848896
75,0,635441199423925379994846790751471342552076324865999512224
76,0,3287538163812985588677080664764067290853519426421462141824
77,0,16753743719623725491375017259864447808369841572564808746128
78,0,86184234939725119862798588458291312331998546090302511625880
79,0,437566493162024618726466672971957270685900505648431342603872
80,0,2238576453477385253076085711440598191620471338853073012070147
81,0,11322109479252379424075600386382518409248996825298882506778688
82,0,57616512463780682958052289382107814602443034830593856744251352
83,0,290274142677598354558732311766735553303548852830638830565131648
84,0,1469539937453871352864912804183981753095015176471789384772767020
85,0,7374170867601831937721144401592779928061303537807152116894560832
86,0,37143690061868365106068428997493919666264184227110758500121667896
87,0,185631623852733108477637634527522921021230758415719669494122603840
88,0,930377307510246828632678702858971405390419007737678761047464478006
89,0,4630551268819183495203686315240056167563759267080129972143125194160
90,0,23094608821990429830996722583121731794580022765491960604444029216792
91,0,114464982556724555893243317984113949497351949103834511041502974948512
92,0,568141546985246002215041539394951863353911256797165978422234084110288
93,0,2804105252537085126635072146469275189720948681924372373286432111002256
94,0,13852032442334550984566309256247889359381392003469716304916070398676928
95,0,68078927687074191690409537638966005679115226673368139920789154556796192
96,0,334723771654719868638068387740101032899449014777098386678086022512818077
97,0,1638057064874876740011637851391634665327481720244399914043676207139642976
98,0,8016199484465534538223335586286558706214205692787484275210459907247487976
99,0,39060243614482891736157975583659353103461141457041210128185910576550062208
100,0,190260026812766027862646222390845841026135419911745559060845039911756842416
101,0,923042615811530559014815744997115703157694601033146822171740025039440609552
102,0,4475230143297183883975686773068135062903276683177039286076712820688063602280
103,0,21616509030977746617739871040495117106644123964215549133912105833761696368048
104,0,104320112265439903480184534552689454845233966397068757513054262265119642998642
105,0,501676451390793957082831072088196069523458429665002554986426001284500634674896
106,0,2409900367291123288117939384225187977941642540794478438164319783440644200123736
107,0,11537900893786028138962840273468082065710527795998870465726036781868922236027840
108,0,55168687116560073218969321480029912104671534753991397496429038625361991132382720
109,0,262951004738431684806289352126491528905562538119604059700743376145934927897556208
110,0,1251478568989736066502237302896788945384459086274399449474181494497825785951680832
111,0,5938005908987233558807902985428019192507713603602376469562871605971366666793824544
112,0,28129515526811806105352826986269144057379666360935636204304269655492814086551949445
113,0,132860580908542357490974656399898654476416348123127678463792596487245416965836661920
114,0,626442946432989744903190253364254336337075777906972393763431663570008486571989326872
115,0,2945205046384524657199146994197757099096301341619512324565729505398369595158142559632
116,0,13821495007080139693475920447866827816537578828227465210372870712745211421441473293956
117,0,64680299127634311846781607253084137824257594674739291865681319965380997611378462470240
118,0,302101399370859840835506503667252529445108729211048894797496277448729816264946705422760
119,0,1407122841099944675197174624418582651144697963833072842930331474067706219240084226575888
120,0,6540874655180453707328190568888894828110970359844679737086071928371957370788575599284646
121,0,30321608766168939561492287143560330341096363577223496527084495581328062163209072759387120
122,0,140267317132414273354723676371325983599267889001568388326779154324074725150162161286668984
123,0,647116171619111027261083141475973838958768921139378228513138071297291915102065954504835408
124,0,2978943625457579248613740669906056336619005682967089370099342715914834239558054892881617596
125,0,13676322135707430715645344974011420840135325897005637719802404692759209989884263758950065360
126,0,62646993897192515112984096588319914771142049555439124514351043019490451491257531898915580856
127,0,286194106772804224312304713710430899409297127060831075437854701609951596576253031757932856784
128,0,1304417488487208791576697117364237551886865447971315329374780039121693797576161804552160560570
129,0,5929265266683337305877535826667315182092739040669382907923964987960682655907508996595438988928
130,0,26887624007354531231760014802701197637135566597166253905608544558225545175090064112706613610200
131,0,121598027754273768698748691396919237568252133623809492573113122758214977659524330259806994956800
132,0,548578514255962498304086689201316254566270450684875575742832164312797574207692596296393129329876
133,0,2468103602130295921829756961391997085810271221980383659855960798858276579091842255964355987161104
134,0,11076339618533401127148724905333527857595796254944820609080620762232449405613833113606199231143408
135,0,49571034878138558506910958266602887850039572900084029683553739109986179840408559252408886482087552
136,0,221278009621713142634273004831679740043628589178911888260950610667456065608337237960208393107004916
137,0,984990106699300176261262347703329322993006663023962921452107625325383716691502782779298364422352656
138,0,4372953176654396261258622198275572888248247467860009765310233242537169260100598860133337715342961560
139,0,19359039323167656556814793174489096260612172500482356435556899443334333487351727487608329501202009568
140,0,85469791875315020004592639676457811239286952880548876637049192655502091574042042477548066118753037752
141,0,376259395095400836432621889866737492703916586085498312819669062816387361104591966233970226035488895344
142,0,1651773797857277353656564107508795434083972012466149808103355173996317768414461434063911631555922349688
143,0,7229951373651656726669226887155993221962492642729760154565186523634202690395726222172268569371335783504
144,0,31555439671936458767388544664745123178980876832425211814113920134467958503629165454891931332437389408815
145,0,137311166618766065343008417837043027563719349905286237107149929147639647996584057504326574757743346706816
146,0,595736189842832279405400640670840728463810646524464613653528304923330812461816063047299070331419589020952
147,0,2576690700130381704639364544323212636503822372343042409895758539817741923439512457359640300517491560548112
148,0,11110853179857478451054197337642501279160848047971906349049773403784389811637815946460302436224604762869688
149,0,47759252846972205736229271775202893804526381009421061943958789952897853957408315857339964631681017433742592
150,0,204646025536619059766973918823836329897497120125356614166193962243713788107975067256145522235532753702676664
151,0,874050607942750160740270976319526979542685255337709016404769629000363243698976766219566378385898990655317344
152,0,3721022802498665468931440546846588646117024220835844833942794919050366261716897823336006929913489677042004818
153,0,15788267903734098602543683821175331596211086402925186881778975775673191096370092397487028248977681745561833552
154,0,66765486455642730328185203605326232066183983784905823362743974812170520824293635252512156158283825707860583776
155,0,281364512916973136800381572888453625156373641074257566858363098871562809163928344019912662399355580298815715264
156,0,1181623127032078405554387540766616783946955347023250341231952042376498968645555064178636970330728997610436810960
157,0,4944641559901517201465129640041230588032691539709126819416425655543530656753342261394916362859841543360335317072
158,0,20616897652401158443018414067971475284215559325881194044310422039605520729826347180930625399608098366124513976088
159,0,85644114053933602843132731142756626191113251650978319255608090150290562090607664472873119767781394290411242284656
160,0,354436760208575765713317328842850754966803697072229858453689719283331038656000509836474862321422232163744253046651
161,0,1461165982872867110037507758103433182001721712054114045348075163807679420141061960871447675721855952697176694618560
162,0,6000077889902185729615135007360205786893490703316169285490269283257160437817086856789150719265316235385852710903624
163,0,24539325140205516240870809471843012808146546026343858010598329286663441033457417662972407050682464380973014632617104
164,0,99951490818643784993460533751603467077544241245821756793493078320698305813707751813644185781085641265184000909307288
165,0,405402855770951952265887504053241078458876614880654145642252070555783864554594148973653580769336951054970551607875184
166,0,1637276400620403857947519748863429790241918171098860330043498553779866466488059856982629374477637203326048194597615368
167,0,6583255630698164580697275675965388251643953111899908549362431930966196269631176738640373249896607218961919343120933488
168,0,26351305222056356970708246626118304471239023804522239872132093524031476249051469408304813159536201609638282756294344108
169,0,104989496594015000990608958478157905652071653905594977855877872967460111861745993202631656894260569626523141096543220160
170,0,416315001394728489896580296481754649798622322675833251995804276864019327726784997616682931302905491088289954705453052992
171,0,1642718070883929021915997122620692882786367031683028032369823271509063842416399377335732390091460773365078908451914393968
172,0,6449259376702519197939076768867039330039905519446761083036272633457205756023955339733568935716999259706436125047332138896
173,0,25187649279104177361543897736554149349950371351529305910260742627966361356214705415146886029870558546910874115428696238896
174,0,97842873394012086298576963661785599767081069902279151820680224266934473667304185835889416116028116283871016763179464782856
175,0,377966320353491491332640147356553555429837483445540427177834645770044065403845719030824357293777355098691119538385133742544
176,0,1451724404103545173312965199140605059073662424293795182605547311693505897555062396809388629973382692520295883438785175203966
177,0,5542856531381504643415133708440963799709681208771297109198228825395154735328713876199569510297184904294808120799344285145600
178,0,21033739617964618883814073223029199527992506701472582398858056791937836857558922233503273772894413848459530708501492367566048
179,0,79310934227880554448998229415726987872184252271246144415295432815670348364336848897422474895765241335916845605808472192212064
180,0,297087027690521499637660066976902257525355099374973663724029843789166968300206945062107144964315765955496480581408381521296000
181,0,1105227025159496465663042010454230326548236306956098035836624198748017754026321718853692895097324732745837722426149765015106336
182,0,4082396361758053530081881207407249536786424519098501743784853921782640324403135206256358757908793394668450457111960701933615816
183,0,14966950840563767993206696699098326102559238068150325123246076204652775542724739056643863092401897545142140776638722664869170832
184,0,54444793704571430543885775393353914710117977994758287706663487462397398696954259299918342050709075624530112686691378695302897872
185,0,196432279128213193392521516547890307946275142342107773560751715815610366911694898842293247691991731920616026357818684377188376128
186,0,702621498657247411644516573459019019257713269458929622334931283894388874987950585204290905842113255949307982441727749262603399208
187,0,2490459921634179988419321339618055705536036709043050591733049783812983864095752649568104851777161092103644482163439855847075933456
188,0,8743306609699871499924610260514862930818586104169356867209633671014432087692393162365980907259785603672931008069380022381092722800
189,0,30386481165362068230573897383462454119654940251653206293859219855125161989780866024271138341470352519242417695421998958924975863824
190,0,104486152879860672084850216171644905752700986147372810651261039108552042808259256903056953781625803709418009953939291351522343625656
191,0,355273520899385418624204176364930655703282760311334939736810185547170089563331113368260693746718724808790224102763591824971288694240
192,0,1193835284259152784753711954207327498272414979618518980886218186211166366636876758641534033412185774191922516340088967425392486514005
193,0,3962304890935127354892383248811880074909309863291467645441278810781213447557254729010522430328372191026941346536160239538427423959168
194,0,12981428914293005453411038532322793302532235294466048107618154284933136749360418498867237807368947005097696247792395659754777989754896
195,0,41958059791724508577340396119730575965411038016412744560673115011521592079506745480816439062230234584576154000178504641428174253999472
196,0,133715910558768258725441100919772225896242567572004596966880849504881406097847258582464120942249776028679642645729382360545767230144436
197,0,419936947068471577576173095320540441893061139040026281562355675280952031013659622808053444202512562347050568574473203335125052590138352
198,0,1298942117837964586364558831150067861444988456688035887959309955002830910383406224195425679758868275287589358642238349785625675074839344
199,0,3955273026617461247465279550092529032855851152453509966319969495137647011932575895160450328706224266967631656743157175076155210649078256
200,0,11850476303820030034395585868711540933866063758121275622915824610123911446626460815186902106193184414364152508472165826476890030337329126
201,0,34919347600198700413065383587294314662999259985528621357460501245213034630396169400418696813427327213177919750058947275425341280533598784
202,0,101154013529296564533147792585086048930554781579469871347744684892254204571963751996210173894754087555770586268413723327331661483132355320
203,0,287945321451513785276768271608522002958151504804238131626976718830803132509746731090790011075436460865400736487184158013325906562412301936
204,0,805172696908092973232380138103830265571095702750576725594017183693782223739338997326262167142247859375732847042568243449011835707402046284
205,0,2210905391543335086567638897514026269738026609902906499410980299638710259926983016980027983935362969112237152607628897558598937717633458880
206,0,5959691469294228127860461855765820086931444467863520724110383285577898906426197544790277339564184991731401405347486538673758582517338890240
207,0,15766227063343127002927107565269300573342777086003948260821875236527952889372989143392329817702192804169392494033092475945845909429385624352
208,0,40924355059782592695392938241171753199335214608576188973390499545058405946352684122049636761257373106754922796696343890866675601608648801774
209,0,104205865109331989801298758267293547525144901763792945036616169781938120132777586693607600440956361662808087952930096380578943155787119681408
210,0,260248492532429183791203615969851002800287960493499076006999239585050424020075851825777386645585213293192518979527650585396453682541547430768
211,0,637388436698960332688176018052640061528682138781269122132103039969699327106232313772212120440896680564590048499879496409150939235123568752192
212,0,1530732213325071690843638780577655802271395152299265053168863532128208923140911730458521666666173155275271299975231519867795490017510866063988
213,0,3604410987395058314947117446387772406100535737678187560467919706778533752524577796192940893284747351066645473362713336896929363742504609059712
214,0,8321422955029513810813479773653849880662764562892578268232352932877682900901862711399067657494957212597402833600118645850656184249445731770080
215,0,18835396192295831135950046366485708857850100024252018421326755453332875120406773954034649074468491636797135330565016438645900873764826264223104
216,0,41800521088304459825100687150006143966696448383131471440088837626894768282041615903777642191876774527423437231542285805717386513735314097134828
217,0,90954820397362187764182450452207991221126175071414041121343449714303757650472109594038845713217229720751040137838365215736092050369796731566016
218,0,194065741025447809965186064510813576185577916623470098851655726677283642274316464887907501788155060613824752107432793204440622721653662567763456
219,0,406046812075235398982470831298558232684848491806596692703370958932063118523039999347743403952672266825922932000569001101862377984892464791533056
220,0,833247360091708852407171983483807477076201721432569481274351989440094227846656854906063609818554447540804395151125808505736389638931275159956664
221,0,1677181082375560469688275669336766711915604112004791409857519683890702454721216011654209866343370242503222224468127109675203815208254876684322768
222,0,3311950875851686995232972828570561898198487286499872668619873798839566648503115749485266138232106546097945252914589243128793318301816410770492928
223,0,6416966832384655656154568113916005295560848325126217695663809351226347126027068975826286246410179795617084789075337175666705848153297977372210544
224,0,12201979930601335760254466682045591683488365221261614768421059512586135859562422145166647359226788077394202775956957910446175865006892326049337467
225,0,22773434526455939533886002939766315479482739069779094669856769202983063772279294179761887883458237608917531099901092648390883726583210645095898144
226,0,41731238913150119808589782561061420339738226598701397199325255963727742432463102414650993268399594958702150072146765103817857854904042021435905024
227,0,75086432180880077144217161776934836175135005212717831990420317679853017259658033334626176032228868853920485363314163746998332889322685702869031456
228,0,132707052391162579007856637345269453538513588104958444248695607124239022881156953687055433497880392474459335837471031011718158609838786884616703996
229,0,230393251329581551555140838336168295453298883926857459986378321700907424336995067247144530784659853148027255582220568555448998658952752416034550944
230,0,393087773692645056666437559846106494615169574433450603964641222719477451884314232713087774870855791663587076695202878853867913906610422815001956704
231,0,659062107655715731452397130904550814723489231116176990725097624335808835099668418191773777683486927209726934831311185813952746120661709783017440512
232,0,1086501746943966552818686066776540766108749209574672777652532091678753236293519921827217930079565973485346662969527346120191620797443538955877219148
233,0,1760820509982379407807795303115931375410044233878350421268887109899613843534588591383641276292512547342264943372604664918104888452535100918161061984
234,0,2807383604232840953959330169239515437598730492490383697101012801943103739302248734978051712179228698052264947236368731262625208099124770899901417144
235,0,4401626983256069513242117822903933073306245858016324844207589925131373747438025951317870742889971053988022106479487728946769975211484671089892087600
236,0,6793219903093463084084949203201685213527595234053130635512295725845951951403959194788455945742412753765294616951623620013434798307748697846750578372
237,0,10312816343318896095717472965324799449699559585415211652580366888388992067965702346583229579357940122355857477215587712679759233380196126919929363664
238,0,15420529931819260336666799098419742254630803599342433742674561114592907219545239941285616270071335545135586445159043898316120860246926090322314164752
239,0,22684641999776162712171785950305284137040009366495267999771057032086808314658285996712277119914285133265454330385109490593464451863151323329128034800
240,0,32891653145167059912141786653384703735210290621483003509824632906074663357563625426227401179954696354447906827679121391498307908815372042824474063509
241,0,46920397513739785343989686723387720798688588340385418594126061111072828108118388201027851607955659616493776483215004202188397871016401468749183321376
242,0,66024858566516474028378594071044984268224499852514572588506219652398435982410977223245325252998772662900673901650594212651193930349651564246261076576
243,0,91391261684856872271088033267027454978913928798491613999403470065456083556215788799316241139989876556098694846030160909450496036645553207740793101744
244,0,124908657188658113192564269783869229827357948403103145960912354137137688914561967737913327225924405951803629716277915352162705738692239038634038431876
245,0,167860369332202377416726764231359093275024920306955690891318677630290232405982151654413045933643007817640381961714498265177712954054673682791619473264
246,0,223008618685804603620308519052530226082328247123956395829847035052334877060552810664270197275410170908748960476690890155650750516488784563837385215336
247,0,291088731887244145349093544749047500894087595914991086069633602762317221531467923284014329668291011058998707991691521764603927007988881417501923951360
248,0,376207422306768837181528208615523481178901829307641986315070623189422066784123959102936267043545713182825463719512247958939371475037396259873724618978
249,0,477104080044584278592033455555741166657981127167183985691738303114540771558725157703090339555807101477128847431678416845066585612456769475023389918944
250,0,600335471234692726343763699652367790061063684923659032778092889125367424264829244670863355416167620704790597379066031600012793630982734894418981741032
251,0,739826637073422059897224414431386432810716704485237958258357866266470883029672835427789515321163863768336228932850341142431511796802365137528166356944
252,0,907106830766071848851294782593526562955040099907492733299958370913717255512198367735981001429998842963082519726905804703089709903425289908960565979128
253,0,1086262290543452534188935114069646767902724667441361624202743430491303041022559949630097204760036705583703294172174976168284029698103640197669598512096
254,0,1299006451978552386801351799761341681814315559407352388986024623264493196483598310941899581935344306429239757076951255042266017956980036093893526034624
255,0,1511210176778026105813209962042456333419139431472103726735423094943976178840114471051626926919960421070038717194676414593805536988452857386668650993488
256,0,1764406424458176355036789664222178619497490927670747523015757578938689621254196832162533997646078209158382000199879381530113733479712325844842721751003
257,0,1993127309415874544863830950088881584328585866545818562217210496324896001134150753259621590675864424971599648640672349678369562145170705062782103156608
258,0,2274696303807115025643312957885364982887593159561205987981035506443446997832606210000739568743195814851748956970986451281610812336880435388027246717800
259,0,2493072614977162183035611314103887652302288913677215427572174027013401330302809296070460228313773172526665843817106809836815502199264589401986081189264
260,0,2785141038070927246449895872570574693937168957319677828603958183290703466500143014055827778309086319812668353282663938090000473435787621739067976360192
261,0,2958197084121474699082148013129435830580401663061806024288691913212108889932481532563386507501947160138710225965000475681872166722374946416806731618384
262,0,3240343265497944893609534954310439766277208648559013670007234606892505692759123013026275532660873052493333459693970919017946500351503305383399752614592
263,0,3330000360075868343822481469416120630901389020647205035211317177431686409375646407727671569899340364094983435220522676852724712492769161614802708760528
264,0,3583735206967365324659453924768509482606458175341343816722643109087956719778313519850206886792532858596915067448243520470402834213952394500699529609428
265,0,3555871880186675782161396212618651115280175923762340677249344247136323958983443058866793026872335145435265157657128355128647863014150620410440198362832
266,0,3768965191452692087180708458969021582119286750350256601219446117025795073207320152581008037157603999584823793028512021613211430970164086165431416099608
267,0,3600936082101243576646577331971230931285899451545071376886432323535037833741362995605541889919590215743279564350723750830202384008797058424071704523872
268,0,3770049234147315364888799943840686719321995552922071897542876012764065391420533264470777832336851157121776599996403525786937926805932836146740374190140
269,0,3456637645373821363383171689646694537806921747057894588037902691542367900681020371726563470782068542669464585456731412858320343445224156552035442276464
270,0,3587245331012681138005344387850744831798217261609964880065149395684495655405007521373959040199569941702377180138807866904799285415761290240940583523008
271,0,3143234708921072970721749010812526856764602982127907719254075635473243471554405224418880481262757799250663875294276715448123704540924423146652614687472
272,0,3246845599850905567438627931423263636134817591825554359646914390878561865135573500679706723595113064854733414548946438214987257631201797963600914002526
273,0,2705250110743450936318734605838128278191354936329133110001159352188593870864652798677738946494193921154003987635277201856516384262911960391183115691328
274,0,2795014209336110618933845504123748369399624674473507800140417796512357539450426377201853053455947396503844617524952121304617067441147369825751225598872
275,0,2201250865243917382692450431461081380936653536468136803022576418495405435071112430481410041079906327970198143511641227760929867187232214628942353497824
276,0,2287651327934291745001646883788788094905183444097134046936891118464951386350871211604102821579275751816118256995930848438877258337225124133978449351928
277,0,1691138727077210453513494293280352878415209622182651707918558961793423788920711890110175286117008093178194295778957132835758253091064415459083534252016
278,0,1779313105401466717448516874710001124233224036721833230442646925942994588881817730331524256651156995880352172710868638296151613469474859891138981973680
279,0,1224713373180015141101604424312091950506800982105732301773157600746633242930604274025128296283486651923905327672289479910711985347359963230875840133264
280,0,1314133295031075726084318514321901980975963923085754916523584794488544473842838972895865872844969816079890420021661491725781860838537530019744920058942
281,0,834453607181683844562537086697324437362610847082558006518413054810438043250038882607598323780338917326219828917064649067536933788229966631030926465440
282,0,920648175026980052606317801501334534753311797652728768284544403114886087449141818113468364457354856290181753594168220495138740642755654676655416512040
283,0,533706223827532249674821721840099351563926795800294567238714670891544475270554023001471217849699980490023323228799070306995353068048696338029319347008
284,0,610958603418868454703585911667721754139064694382784216330843062360636133062402929188454136125689860816964285199082980446337401331310360157644507596076
285,0,319585192063675388363952193115525527002723065053488421727343787228190901666849042659300648783286212306056105955237089440065699229252908302884102036464
286,0,383373268482332889492194495937927733634650781211498828574856228021146816608366685592987443202220237953927105616119497355498580668886431977466705284080
287,0,178612838917187837437568827483910228407602447857998769291121046899469984679432696981914012082027303868716689062285724657455091263678731286402792266688
288,0,226965802070541224234167867347948311380814060753264774331930957559189851939142553906312444058164405861179517911815007198965239759981759667400901578426
289,0,92834179533642625271409251362343853580897516101696546610337526119070351659417171898085695846823218750314463754785398914092946846537418539005420051792
290,0,126429482898801052778200646625613324316970540430459818147845874498950480318240506477194983211738680796459670212528629576682700809841058866386260069264
291,0,44681056703157405856507652675819880341282741326241937704116955802184443401594183267097557265138750327014004005572120574357915277277500400194971074528
292,0,66048656029431427429330777376941245921225231975458409903423062715181601274808864622175485691216140522704584375009221611682291872865989177972822932712
293,0,19813943565694348553015369719646119091428318762960623468987120862991611065375592883115007933615481929795786150951231055094934861688071101522020746128
294,0,32233828465038933900284792067422440703180465048701428855808494042010696342940038750206261232245095052282152609448350999946377791580122197384495168520
295,0,8047038850066959679641706419302523964952748862515782302938931823534581769700672118028522789341114481743797247039168169852753192595690585826316333920
296,0,14627937977036365273529866893837527889337712522243749917679380002789434235630229418441283391028542703688627976802587497688917609829107003354549897820
297,0,2971375219859754724801992148469501723693906774952165709417132695711245820948587789571616921785987293742882178372383480185337445948776954014006817296
298,0,6139049744765905669364820039629961447407586598748089133924160617737057778477685787056534344504452515287775403399715639345361962797147293187628888688
299,0,988671002355931675601403649953109031735572357048868784357380065878889462367919258513341469693100106003200095836422671824922194806397742461285318976
300,0,2367258304499580441842355707498831391385168460867664349082426808571938633245843055617556852828907711434457215157252588021506908383237501951169136972
301,0,293125775014879600474463630525137801220560121207169985308515631482157958369271152343522594234546747205433937806413603260452004446952088727351449520
302,0,832226055744732783749723247320884533174100101271240794068713125229910338321895765527979857639905753529804894819864557213143166149988985956614453496
303,0,76333456468559804215936641702197609813702362189822755585183704527891810547525282829100330423321138884193816458219452975576843599086220138751466080
304,0,264236546296347456638117347722891891045872408428758874823957550142684840142811411163485749327392568500517867263178337324726947654785820707948971780
305,0,17129484278941300540294694781704312719089797946829904295822150710008064535927688429181426789739740050180339735055623881577224730058125900806270240
306,0,74891734270870139831213718762673809234200499596968409123766252014797429135317653215369754999084722313316007608873056087588402964322185177395376336
307,0,3225998830106588595043442402405953630161879855133581012462496205054361526490315548276308179602693595351513650502910372431489794360181830466996272
308,0,18669440714417524393578338099167485879689179314233285047182719288193847506254212275323909554188953251606770146180153859993742079302425953516654872
309,0,490474834246582173606146974679080864714931173498539873075905169123624966051994006418985278492663573905480210133022608535748017693313891760758912
310,0,4014530833784293419161147151594090549242234278101544890298918452894720477542741750251479165539728966495502010564991009757433216793820393128348696
311,0,56569995933510561974116359068817211015783598317934472347097760334052148215275498396142934012118357643242768949109236867932202987645095254533200
312,0,724994973869367056795135487749722324817754951783476116638634888922509977595374447778526242877183218163063534492668202901678729196662732463934472
313,0,4411728699888057397308605160796977863593900802088883250427127647012116917341021285571930994654314122145227713705546844619883515433578807223680
314,0,105748579867145266032112104939225810490332477489794754937330023269395087190707352492917809411760001207993596692226382363886734383381985520332880
315,0,175042818672196333837821235752499860265738960537105222215986010729768140094652764844886099577322774684767073361371665120723299514416291316816
316,0,11704992715911332856172235886704893701052118962226745515785105116441479160533955025550331118753354568161425578553979381418500803011754590757616
318,0,876234756512335252972395340320965834503184465177353392075497013771917817650463603238864902943018462491573444309384012961365107437767075577216
320,0,33376204596324058480183649418801728482618792183342061200884482081453680188280141865281918748617983909588178018539992657138386341626144401921
