0,0,1
2,0,0
3,0,0
4,0,1440
5,0,6528
6,0,13056
7,0,49152
8,0,1175904
9,0,9772800
10,0,41263872
11,0,159181440
12,0,1112207616
13,0,8870006784
14,0,51362118144
15,0,243879852544
16,0,1261536750912
17,0,7693486027776
18,0,45781542007808
19,0,244033753631232
20,0,1250383378252800
21,0,6677896985645056
22,0,36748154761927680
23,0,197576940937549824
24,0,1027154703841107456
25,0,5299507352444350464
26,0,27584791095595560960
27,0,143626606968738670592
28,0,738984503203917361152
29,0,3759209794366520033280
30,0,19042055519170619047936
31,0,96306052374302718959616
32,0,485010080463229503742464
33,0,2426615412773775118483456
34,0,12070375269934734332018688
35,0,59792055219720334935269376
36,0,295092531867769742414315520
37,0,1450147452667787425374142464
38,0,7093517366358351789002932224
39,0,34549125697322845441787265024
40,0,167617593318305584932521238528
41,0,810149807904861472089068470272
42,0,3900759897668840640586061774848
43,0,18710065923818787898734947303424
44,0,89412915782731595172374619291648
45,0,425780766126893767594264354619392
46,0,2020541399066240391468248786141184
47,0,9555737150597871487679575812341760
48,0,45040117414638078314807271921958912
49,0,211595938093488825867128792701206528
50,0,990880505938564274788435435960664064
51,0,4625607140274461445989728401762942976
52,0,21526477199573898621381211055016640512
53,0,99875169977333664028303192910944272384
54,0,462005657883069051651419659623277527040
55,0,2130916648502903666549689186789309808640
56,0,9800253438661028122944401163171815620608
57,0,44944921422258206847555058182171481079808
58,0,205549636650592931589075332313762833104896
59,0,937487747913616341468471998226248756625408
60,0,4264289483202070156384946464748468180090880
61,0,19345432472580962334400139683401922051571712
62,0,87534368946147760538657920966994843437891584
63,0,395061156555726156755555979639937090696773632
64,0,1778493615159082388971193896112843073069711360
65,0,7986540519812022564083250531438106856990441472
66,0,35776601051155771378319903747282118909607542784
67,0,159877921263766777565627948000829677721253576704
68,0,712757051059723052855659298673851850399475040256
69,0,3170095234233087133396041139453688983564291407872
70,0,14066775684052886135788439852353056542872339218432
71,0,62276121677204795485099057823676491970453637693440
72,0,275084529660331184581763776300411851731465597353984
73,0,1212385888642820090307762181117543830065160948547584
74,0,5331602916529036041095793724296248754573752458543104
75,0,23395304739775758506462427732834683451530204254568448
76,0,102438928382225454546429867917246794266431250499633152
77,0,447587401069734697413224899637563986640799427257696256
78,0,1951542298736967519156427277771949914976176646872104960
79,0,8491332652000235444723034682219189331366726119565819904
80,0,36870727158805305761185541845407892635350767350728097792
81,0,159773748204020282037489876988148696683086828148589854720
82,0,690965969967451034522445113961479454208220035917023281152
83,0,2982255106404255284520233752321297310457899285251438411776
84,0,12846326388202195636764032757320364851757278430181304827904
85,0,55229108605941827553290429575708531184139116222699368611840
86,0,236984911094086199367754921455188628003202000386823330725888
87,0,1014951689185031589914125307923429902984806858884942122713088
88,0,4338606654907753717625323896054415693200544940831466823090176
89,0,18511577347673981342193819864788060490099358696321453280722944
90,0,78837459521836545220403430245483300772341471529922405324554240
91,0,335139389502735648412760061068449393833473767424327315229769728
92,0,1422097613650662446780928378645171866624406193260497905932828672
93,0,6023538085945037988600034858017440169490936960984667255969153024
94,0,25468261220412154216922514693778550862142496656093163581876469760
95,0,107492757452704690236489461508348208527490749552406559440452452352
96,0,452895609232364267500712486181649661766697493588280309345658339328
97,0,1904857884369257623766250428336529954459130028509568230148007788544
98,0,7997956198248058495051725012853082138383323819183401892798202380288
99,0,33523834867435480187838533696293659526695900075832081069335860215808
100,0,140279014299711644997050695061979312499398138238939188973290318200832
101,0,586005955003637652438334727013128873940241579720435671102838693429248
102,0,2443922871785259363865887276069962429807375559919840224422954333634560
103,0,10175477606080019364754527758495606662667688935654756732983717184667648
104,0,42296995441723627660317917980037016059873362235528653679697238387851264
105,0,175532316574996113285178756183544418783176130738662835595910749555261440
106,0,727281968062125652073620827895673366632081089742675306704302233538789376
107,0,3008513226079682059672257129303788966954109048066961161811620595941507072
108,0,12425374404702461658812806284043417333494008637026146454463761860767252480
109,0,51236619471662076606668134565811273170986629018126638389393303628679217152
110,0,210945244254245681300199960379779379998512524703695434068438486765883359232
111,0,867125687152486109356981091586603358424624264665363570542975443225173557248
112,0,3558951404846916901792751102380492578781089550574836442556573225177858441216
113,0,14584592794533450374076248702848988774613630722841514790941786267863692083200
114,0,59676487538502209593888520227384124136101879103102347713317584495181236797440
115,0,243810974230634860805274383737597451760336318110974761268750803635113555918848
116,0,994600240423106276868021665825606659284814846212957090807927274941580648120320
117,0,4051290211326791834032278419744110552161464905041013724528601783210717623615488
118,0,16477515038133824933906110344149896118373032047445866496265933340247289810124800
119,0,66918722514994179071266112222350693296855694528288944150946408316598260261191680
120,0,271372003439120681049689640782664292494618789880995831442651272073077396221198336
121,0,1098873608857946719187133785496867620791768676302774558633001334032736135300513792
122,0,4443237186164486738296888711302386104128775736175000037412171713397027070806065152
123,0,17940063347474242127590741877262960889916708670673282009423930745507755077138382848
124,0,72331048688950310873645966187770812975771620890872993464500294917002486023825915904
125,0,291209396162161794148878682634154360952824473978842024730562671829264943567758950400
126,0,1170763794115010681016286145337123902002649713551002098748666432790950651319187144704
127,0,4700237833968247202075270003811422409118393626595495485885736330369218932198049054720
128,0,18843446503193464123294685111689184932982906562407343632660456033702301888610006204416
129,0,75438671853234572057300252104551884227585281997652170022520236524410785553732041965568
130,0,301594964715143366273307863318543356459785793262591149094757289823612050639944369045504
131,0,1204075168695321835993367258774936093810434637461477443802977873583075568926048332546048
132,0,4800490490751703250579855288887201642174447074483329901365844962396000212547453881155584
133,0,19112746676123431756382099499557301818902787531311679718537683205520290805738523427078144
134,0,75992194267111328327332270530642138415979319365079923545631519318055306608650849288716288
135,0,301735294063212657984255576453098507236714654706260236825543699818850783604037690075381760
136,0,1196457519143588419872666648699523145084115251739624497384831792212826914065308616524562432
137,0,4737892861444978561967428668206090933609891616280276173964263978730850594134540354144174080
138,0,18736680545449521223538535331154216721842028478610330263256910475566773700126694273036845056
139,0,73998371147204439814904259379067697728997006203652375039934561264399606653874106150292553728
140,0,291861178938411466484773608475535743656121076377936402340881504624195289522888660470003138560
141,0,1149628943050118031046181600667182594828054254123487927663842722402092162026159684287532630016
142,0,4522397141721568174537051966038597931991928897562437347810776839094742078519744471868068855808
143,0,17766904828759353841349141086642669892797297282843859258438965487895597720670500617009189879808
144,0,69709070173010770044879968167766908675093725645307946008991919383729060004480350262487976771584
145,0,273151479510131948769269508447588328309696029951235198990717803897508149495663406637868625428480
146,0,1068948660305114101911458479639806548867197743458511871015833367969209716183869550971653382471680
147,0,4177835946085704445098587560272886206437320418363189460681248374185354986662803816258126944927744
148,0,16307573230643803791197869123963642666703780925665229978842138040321313812630325060724781867859968
149,0,63573019982492391164098679765368341640101045723002894666985639244866391510849941809793169184784384
150,0,247516401821906048618836382439919978707464546760257052898855205114640867737911925717015664674209792
151,0,962464676010261418585519753013590031151688651779040319215983662680223410946519668515487243158159360
152,0,3737810577936085400291890142797210848563106767431484417692067170554114196300542338429060983075897344
153,0,14497843476029795683264780581364038184649174720243397893620440264050638295230230549140001943074111488
154,0,56162323394681141499843349022086568368105072177124480266903897830995645749600957307158729104864313344
155,0,217292200758109133216071726706829661324417670312299377637920959470563829556088612930761729471844188160
156,0,839658049489015939960144391276195588801353099346126300432062498119280707893920178877060691083938234368
157,0,3240572999771705438966956679439018139238516380374970983552522414931329785116029960350804297710772944896
158,0,12491193932330475538718324486736476574651271819537318458097695578994343036995078399052830978470905380864
159,0,48089536930439205412216182139033867317644710569179308798903099133580965491053928560220319677537209810944
160,0,184911285190549984208390680156077199627601522881965094738539120741386091739004283012464775935323539505152
161,0,710140129824585232889458106961794186095884826801078402462339430348847103308320325875774308603130831437824
162,0,2723918510116375009244518967488473465327622660129883053604378669355609359234962876730160713494824866545664
163,0,10435545339027856682590745285698758434958353736339441322971444065008507810415326472275355134435700584218624
164,0,39930863300435890958181860143908286482708315383967224354685361337476477900262341255418432820352455001767936
165,0,152607632946231826880905681801902890219703667518704945821494186028143982089013004143196872394278957997883392
166,0,582531316989495202233849018064491193152931020710172430618467241046441593679574132549532175004127199584321536
167,0,2220952091401537093874964280615816993485043881161578578702121274162342967474850475722894560420143267271671808
168,0,8457409989531024617000028920782539474004862955126162136582594489681005046260193080550666078774066954197008384
169,0,32167345069602636525576195105404209367500536385846781449232229011047162682767214978644777864267022152029437952
170,0,122200790685502293697250749837980277046875730273916177964619658009487204628475692633862909660411037562230013952
171,0,463676484507790845040854387771676606209784798075335010014018181896061495698762631278872876563215635090788843520
172,0,1757274648631430139805761588250475644329122293542090173086361407110746496779317685682215635611108100361485811712
173,0,6651949794205397615098583533499284181018943553156929869519063585692039201636884424762883181316862531310037499904
174,0,25150361143696870445554396790063830500464644528342852772011058831149494387595984920379239390701078338703267463168
175,0,94978782721105719784384959103480663411820395501436069553478393390744926350254244046807103327673763557889829502976
176,0,358259091036354686388712097893069584481607589669397731445603262855828373321200230572263449667730903680278541107200
177,0,1349761987232414094304859632642004742855133484765517256575033852748258916994468455102059009111154075343356317138944
178,0,5079343641072879519430039728780435028711544491094961495348233175685463255861730852970676821585906177616342742466560
179,0,19091914233570661801224346289215985368541909981411798398862482532483505745696702704402110079524480035170531925819392
180,0,71677664727695764093836362659373797731817736658134127468895533560133622590998689540626784026459060278018650125893632
181,0,268789130924886371382603185696740517210586273036126106264478366987304690965711151313386377467748355334789383025852416
182,0,1006778661081703683069308145359735779498040519756752374717449126668280183839744592838340332785496415675712446062919680
183,0,3766618858419754984159625297976337893903885008323797613046608903237933736940286964732501276798990569485581515384422400
184,0,14075558329819960191711906502333953701253707985944549317877664408122765962268287760410017224474304752748323707897774080
185,0,52538387809509910178420988324653276566022442626796222337450282359703904296720999970107518614228938781569665655715659776
186,0,195878089295719489479746660760941313014069914952115742262151638905933581017629016026356336267545364370231817294122582016
187,0,729447104057798047164652551732448444239605086375996591730982843414942634102379636198537184156935809126251673309667131392
188,0,2713322234476074930051138211933907248268736081598952922087968494544017018277735302520541449470630779837508503687546273792
189,0,10081132794962968268278719320711645626005628096464768343116439516166135869279780173667591092600918874662078597003854479360
190,0,37412646686771912324997819634250496237341171964476522568190629894155355587413989368956972806638555063172912989813889564672
191,0,138684964986077968751816372341019790908137914569223545171202387474223864005495870336234081754129349036982351295789142114304
192,0,513502865921715662398033807284755730034363561140847214226128080184186229189253145960075448827714159425071853082807560568832
193,0,1899151317587138662814493449334257833086399916038914779372089674359021393984247080184407936173217854884847284234404843487232
194,0,7015847049961697534278415350940770568061995459181139852292041261955655076467987081930007392283299461556001846127842522300416
195,0,25888394382978622286412270093038249188515125382034273250024783352308148135941299358942817027616873466142788860794687037898752
196,0,95419067580361170935308120455195665857145456073459882950786265983532137446610268677903859198880769862515846101853246513479680
197,0,351294082039417307625157702783050485557852902821701992643021069803587985790364407805960775540795864694313671061697380650844160
198,0,1291851670175573079006984696077465945046935560819285031285425805710204919869355986448913056653731561362824156085403176702836736
199,0,4745272260223715645677780297746837663428886491770293032349000857106742391250942481436424353075109010612474108400468136460025856
200,0,17410721804394251927697066550685325293127434936325907812853728369030515148486858217167729531425570348987652982598609406001152000
201,0,63808721100915869260777812073177791795123684535887427683976623300071833962615234232227241355234648081827304949261253143676583936
202,0,233588452279233155145068480290325450927346701099531573622142664806304377837775577665775702666564410530676687765142311698673172480
203,0,854144169403361318260031905711068988091868083233331309017886505870250552232185645919024564101832031361815604042799677112491966464
204,0,3119750542410226136393646846794823736965433565966672943942193662576873822393893222004677767951217025500952309580120151559552106496
205,0,11381979635688905612626347886137982353871818593367260556245970748684391267623246610179768889975950012061641101673201930368637206528
206,0,41478718806943965743348600690441468378553106014324450913429145137534885375472572152895626091290481934019626589538010043525869076480
207,0,150988120766120730660245047128408362262376921604858740782679278653851777290922678848391495831760380877395864898631469552801006223360
208,0,548997596711649648983621723667160585035071232356703707839190199412878844572596758556728908869569392822638285616137619289873273847808
209,0,1993923998860881657683866812565950653369880433452861875233543095124510407565685750780372834172034974927342752394827022133482561208320
210,0,7233650226199740369647593307555271798199419368864378645782341211629969038831941672236260636313340471949157269164358877580083024887808
211,0,26213039844436087665943709120932780578946572158745051308410220848762218532795223547979171466098691761509610582289608625554951671644160
212,0,94883010430071534173482173728319855652345725035577603719579689344703689238655872627451441880945963252842445491783380552866873602998272
213,0,343060639804871800283473204203688382297230031678332219795138753167992928072302271461402273621438014940734153815748933931545776529342464
214,0,1238981617250109349548544355125857987378990442082224733283531389023322442619931737375835798693019862576890794427446549254161435268743168
215,0,4469618986766977022793666258858963693356949508183315777334613182717368430849211010192691958442338174848678542252235068654239521961934848
216,0,16106008756511204746589418688983712506909002449610335230876880077686741080997690025228138674754030996403340502772598103748455561628221440
217,0,57971860639501808563599614341105708641875691437832936201661514398776051729190530889090393044795599507635546324355647749366362854461014016
218,0,208429170603877149872674976360723095551251748776204515039990608416622893873524055097970387721970126749265076722651240291279294113790296064
219,0,748534397022318248748806611380986823143441492292607853407167403025535931652655562269776759516573854120329032813559651276491934907133591552
220,0,2685202549161186336778763833956673659141219595468467652469857520242370744902370035049107560371599355199709790118440657220337602608542777344
221,0,9621756687250652916769652017954498490308648563824798318692437945187131835475047672410455338325303054962644634843404500953977446881258635264
222,0,34438458367239258786870311455777908429828708478738621439694969178609511257898668445751757249388424798713661345828939033308290729199903178752
223,0,123124648854572679681597474080485152041629023674120837534453273227858613157480970837979287948640747060616959799506075432392790825849352880128
224,0,439701771640713583514231086397050959493653592097286806953231332379668878781678894780531378112022583372979100436353993113751723071669706686464
225,0,1568495395126675749388003791763680151978305376374406405771481036280065163267956035465155216620748855802618204560168167260382102203960215470080
226,0,5588818352730784398223608460657857585823652724840485679958618923199604457071266954038987418224836662540733255439375917965994626559641254887424
227,0,19891536195614536811735244550997474976312834557977077491938516423195657437956841919516879926840577613958107440509456135075716671128846068613120
228,0,70717693111416935409514786779717906472930605527126183013133652895928987927326550799784290435192848377081697637072233696573831657937447828848640
229,0,251130291914775424753077039431320957798656865555454008113787761608256681526768106815458954244569997730207368854186132005413059461051914433593344
230,0,890801985117677628074491059080366661003317577710955944889961798242226998668952698642242411528184957833967398412394173642039643680133190898417664
231,0,3156269578379900707668917957300732535175169799278980216930457473335828676655721245927959015274834154180135965486524192323536925411991176966307840
232,0,11170628249357318748661605137487362441794465767771426509936654287108706765150736010044229828313355117656927741712405818013352240989668883818348544
233,0,39490391614945720643009768850227821668659313731806143068808363096831537340703245063410128342879168966921514566451215392044016005604726220462751744
234,0,139448975168323634844723001794212442371263662415427663771722994760016560329669018243140267818872447542949994982082342293718911418271283400987901952
235,0,491868429986313967153929485499758583583005434522376524806418878136686450138571074553940125352741689924616067262738888850521229707372352634670284800
236,0,1732973709169771226500948682172648457743558946700300274322368409727742597372552937793657320597892929024640905529230555808792012399233141461642903552
237,0,6098795181197091178370499514261170834351220730854636882700468214402415850314849764419809245464617303307479753675214095029905011406393526918680936448
238,0,21439013352831528802502900972067657863289859840214116264659072912944668857218757836824033022180941065437585309481139762351983257387802097639376289792
239,0,75278995127353984588262319699409717818112450716024783197226893448916149237727380585605932219487103631155233445809719494745707308424206595703493885952
240,0,264028422756085790406455007291995390804880083827354896551114190053088807509533931836844525339089842551819599943411541264951656494420718131018958110720
241,0,924985561918720215970359315583732198267771327286760750480399722984415741451633148160453793363444016751586272285996528761842718914740592857453221117952
242,0,3236876746942794683429279263492443924361019220730772200180877519519256175274319501632598042829055966609256018256194535247992484873519103797962054041600
243,0,11314199098546825033925124520161705874720294153359308571349881575533931563414532336568672071044950027201586511840283390512218769704317333984676985962496
244,0,39502756536584448432283945879264252753030774686361477885537213560181977324259422462256969868422172454115879449393769597015476475690943222600679567654912
245,0,137764202163806969275616395435334028000255398695772889528783224015289753120555940586619442711195696482173117758748783388202861702837788370430593861681152
246,0,479899386065597641301373720704553194517991984503713437129567663876425523408197932502891245187075352925303289781332304701693060208520843880236715954143232
247,0,1669814612563265581058287237316561853830348452483277841961903855352282146590095223062441600630560185297624755983935600346918874112274444682684800029425664
248,0,5803499656703485814620624540835852661498963303977377381735644846338567216272328640109884654371995159131060109719652659823045847394557469507994817447067648
249,0,20147199240350865577521810887821618134389196807737942714829048335724931009382274812440824355121743914290509704223871048578837380398956586797346073627066368
250,0,69862119569243849538470470761799815047585854581755293390922108789297121420340985471261837727437683490836221449521310272519250212561965544413807959938695168
251,0,241975008836684218095245350537504647274819250785626728037955019063043073762754542839022273172904651358769493937986016965481037912074017396599412323071819776
252,0,837144155544003259787541859709497075236426313859342753172406851733859288044738760842592720231953739387639256630155482487202703564672075606609876225072562176
253,0,2892878791335313906858305203199043977802828276001663726572812520357144643410364589628407322851804629397675493474428222738498557551388393447277495892863614976
254,0,9985268062099316790260320832670518682144616476140553197100222826447978721478179652497391882362455008170336787794437971218225048488247561940442348379468464128
255,0,34426109659875900441102482026997463025156314568560895281487660034131938768353802087646426741600160428964697069061649237058468029918677836232914939090458116096
256,0,118553422859317180239429540630717836559292793662812439865754199024780415623343710558766351119723028255080948850012778698088705203719909649910488044772744232960
257,0,407790734562252200656619020990833037171382893192899606508377433769973437942045999448058238134218456149366920148269463840994533954602884819888587730875861434368
258,0,1401060436488897869952622185809515022443620522627923023822765510190125917043663619643367134481596134182651928367658758282882799253318860202489403986871400267776
259,0,4808080955225711069141468007827941056871490982553435653393614951421121718944427900184621430545722990599346016787680002926953902704500030933335724313152904495104
260,0,16480909012716857798967378235594936525009995413346001898907593953973333366253551044104595390461065812430469582939727609717149073363952762152846660974910780735488
261,0,56426630521890068289017636337228278631269581765478746486712949278232809861020795895606605779923742133971065989721901289820988554564623283590174757186905489539072
262,0,192965509269962144960929107761212287956664670528449450919215888653753989097121933270507384607522458594089826785897461040230786698784752450281967593780031120211968
263,0,659123665786226944797401746526975459541830580880061254588170900376584187409382542637842565737570762151258919429571630863198777864561965765287238294671104388628480
264,0,2248768572826367490326448561055472683809523125261984893343894007084456213100757070233590003836417194699222321186229730706723772837200371196655537774301625213517824
265,0,7663236663963930462118855605223539292010715621571142277140242935444655221054620470710968129429866729794489011937201374145784297367083342902254735173297753791922176
266,0,26083644805887547288958198538467154704355903010192675121282671448212190235663599493699969775856988213639526657924950361290787772103674535754148982999409648163880960
267,0,88677165562020674791905027077930059737684386077874982525013205410804058975925505805161514223201400074599982477176172054338784559878276528290738378244851031091445760
268,0,301121461289927330320516226890644911214465433063725576319518466409816593598899059450512845046885058408276891844964408351466445385809326136725880592180711968443727872
269,0,1021308306512021588039716412903478641021147625422839290755340488977090039653031816777543470238637740683286521916333436530417260904103396927279940003484488735066685440
270,0,3459840740059114355203005898231278715903732620262502409238429212680104516139141814647269877848841100699998221905027631397183420874978550152212051173302318555868430336
271,0,11706801512214855009062680963537384761426121243795652204717304401291217394322997590471835569752431143396427823510801099367577403318257818207325292796044815931168260096
272,0,39564172808655951994574566601174830218194384905245283153036264891855241197928807159914970367947371458229155962621439067262181853926768088474144357247180494058909859840
273,0,133550762348745440557267141582930492875488843977169691535725189010609906529652902237309161479060636671683481408308864446665954554334147399332884816182250560338127749120
274,0,450266699319058719742369413411702813910137161223715420266857865922040862329889169360100740171840012127160257435400545557009059022868425824254652616794499668862637703168
275,0,1516251219893019700881336857442426997869919137441130486491147901152324312857713488638027988438547018073808413089109865541206074602234872448564132165073570211019282710528
276,0,5099751891579317150270456419366555861077155483173388609064138741711933453537240955411716042995466640716130423279947009007326500297962519687300363719924147342223106637824
277,0,17131765679867639740491977378189862332567860094344754763118025331759284129448146109563227843759466134943415169750215832187458364430040749596214501039861830621163297964032
278,0,57481621624326324433611764635571118879344582386724903610418775077992620586326658388156796660607700747251856394217055469500633547159551450724431595568990550266399286099968
279,0,192631936361147674090891968615440304536521291580829264206522327738452762213592757272082995176301780425252369742949811354729717056441546011760307273850987779351904406994944
280,0,644760638321296681237434133665407872051214442803109617027272638689197746851056326968303318335308685228977232846647708155461288567035912059312612815370788043650176991100928
281,0,2155451302096692494305664929472119627739575239861830482490039776054444538178517621171692776473546964941220957365818736752395362376725822079609555851540337567394100515176448
282,0,7196906834981345483021985717387454984326692328113032101085726498346344123137523567554107210317754147069365679586769339074260290476287678329620189922491468351939609762988032
283,0,24000482684910175764381364030842207661122476530756176638457664332409855252791630776443329861493875752353096490706572895347712257778799308416559830560510955779367733005647872
284,0,79939040951751361495971704005775641943822792637936779739680999981681423160934958333779907527158168866196292086032194881430660326329443836241192234515381867974779192530173952
285,0,265926216032544677334983882338407164282033829607961807650586236115050472015358152445624078069963027587577349635468942812157252920839564096606289700622107332401192315557773312
286,0,883537537670652320933497775604244826307639755917530569992460796517445401267251106871471972860346540585194457367191082231623658718364538815498096700960015475113225707015110656
287,0,2931897782083262534137734867335191282795831542453582960059486559105374688521528347516288359294132193201007277820087726405940946407388761347298884905534061735079946956612567040
288,0,9716971207906395726318244895445063801071921742969137836017603243710451025580151228002146259079999337442046765248907060829355375234686644317174392808180875757500457915735080960
289,0,32163962637696141934850096499082465545482400814125700873592913002122786730760370612308655976021240862476368331739466701444689249380725243299172798533358409341514690565605687296
290,0,106331749961767710629942461265812705717299772538602023193582196879419997453268380391426006794854324288455690643690725849574964904480800979950862648517207778798117194753653080064
291,0,351082640815267901957559413220334377267262914690641914077037865308871215039522064022293723480623298888619240500151583433218130293152096154797700049968655781548412731904862715904
292,0,1157728976217398250519005339875964693667498717337308099215839448992480853219895648409983032053753752815939106121814659235715729018974770600717396855379640469264942622695017676800
293,0,3812885255785363459814034121387930339421226898264903375124887172438647584480831564406170923957213634721751143348989880669626666782831665709424272600799189021787129069793880047616
294,0,12541455853985822845738824240313603709333402931811767471437959753620790752812018989374746831732402670686868616389671130759737417576936324423171456021550779292152328703914887086080
295,0,41199089698694430493442100119598073413238656451128021991430889664565970893466742772685619867606148154570961395548780230777661479181657017123010198730497752704469805887718764314624
296,0,135167027445941325262197600512528796871667290976041344403580753448264797306048654998447258527030977149022294536846727526931876002311420018554336726213458611704220546330931184533504
297,0,442889488374076172017246037623606776861930847082979286279527865641994691937880233068485823562564467159966313795814334640845412349702569463829109591987589245854549544951556882825216
298,0,1449303708470924465714763119835667153892028654925482311747291241169382149515601636495798438051107474045821089025090253076970907931467542861947390525806393651852487317634630935379968
299,0,4736535225386801018017619236078284454570944207818082421821638521612277484065281702073823917041204011250782267444728431987129238047318194918128394298281629387152014226848404339687424
300,0,15459568043256546490825349695001335945561118552323119312259945807357266726738871899765187230161781774127833250359454190613695527510591533001909755731583258272402043828779466652385280
301,0,50392626432583510965279413108846617077621322218986431593179649492221282121152438140002320694493034816025219838297724587767566221700045537748970633811388956704713200169719893548072960
302,0,164046696492392649662933805902090775239601649462823253215797872475402444230286719845293877477571354047119131855279343968795925262687232570602975363098186874011753692503917170738069504
303,0,533330721728421218737489176037627113521903334377031386014799985899590190497391081590409116178464023787365909520135111194201937840851624068233352172945351913305969778095253860481236992
304,0,1731617839467529137037816877417598615411864981201546461544242647757479391016295474541294307073828277103839384411798196967791808529569220142677782666519798982928526273977112584649703424
305,0,5614764164168229738150601296589374340212508253802536303257743786081969311370302044748121208125576006416856232690020575890006510022826079187770938877103057814706949593761554021625102336
306,0,18181622824665068855407048815020324576404158080603272761835879389007127211344067080277625684494641617337379070281067792555065201781415218845447559810554436836014156679022777817590923264
307,0,58796709562010484469967952569396832212882142626545707126918774908585095049953442735044060502521695206074503353677138593905435588743794660645883970044062806138673012977955882273161084928
308,0,189884802940493923181887965357313065996978056293296491860792451493377947880257196259937942875149058027308421465747143679649085518024111064136155662210100622924304385340160712993906098176
309,0,612409209043961722792339364172969876881498568925598391447389943256575058345230212383204367720813079593298635067798398021763775557305749179730721191611935256126883312341997801820880109568
310,0,1972445458532569290804867634512173731711622189755688602002615236947271580954061169838409708115267990537412701329319041153041240130571502392615533841278141507151026815069880954306405859328
311,0,6344209294715889211452869425570283067671078966624445147383361892495249117255797913046566078593690534554489103528226208172724520850928877385233872733408341054213255577713933869703319519232
312,0,20377766738841385799088991235707226192969961406466249463613680790747830822295350990974300030840963406798226079084104428980897114644552203982886372149777748356854584135816592975089778032640
313,0,65364145638496875310685235926185169710015681768665458067294949352431018297889725976634682489755986287922476887329173380224848045514175659162681905466556975082438796587144601137402393657344
314,0,209374503234277021608380926625161622045584692521547311459460584037410050840674868323166751992351794038051812804949868539696154930662007525471047379323443804876218419776465310587755587174400
315,0,669740310834430322088901939161756974173138469319498323834708343365968422113897206009916897796609566345943303099283912272261394559600533839690401973132314689743311565213636739154585845760000
316,0,2139364154881949568060048577400103804985243244585181045453292106627274426088535452063588038385376211203968849825168141928089957051591591217300557421984524506706981142387390208481091005710336
317,0,6824263091246870681712381131803530900908063494171275033967017320695422826733130208816478841973558491994297481672731482517474787442417683876439398057544750077697518092336374645254479190949888
318,0,21737854156309219395666054053019091720790462564437295741172036055928429777828992939193370389137177511969893233832232860787779272238345655644501822097907326376941502393380915913266804427849728
319,0,69145589455334740696364599653700256181763384927237244229650653175924685062515923444178535320427929269248746203493786755540551965878840999642080651495327056751530862786214024850888702147166208
320,0,219632289727963984852972130536943506323710540063283862219739533312557857065861872315052586826063933599619098671684617941743678607595881389082165988677919530217575595571669812586707364022845440
321,0,696640511790093801544370881217200550568496150862192556606391236919744613333510827443632321984001860429672551168395125036376820379538928159778440872105955312696266616443916909984743211197792256
322,0,2206474840884316049890100815979102059422291611699758500252353904061248441843191020116919716282075933601880940359340981107148718292976025269329626593248489942914724769276369143864520395427151872
323,0,6978527282311730033335800925314779749594278541954373320274120608424164339813563877642061367574771002743460519508604119588313605151761147270928887805105753774432712164581591895915223067171749888
324,0,22039407034540947790489898661210539647072944298226961040319351516095710844430390381701588121944824897758634004702260393389104986926977628669554417770979455488672466901627874251687125817963315200
325,0,69503084077181929409910947084225025135339136717390755221442912270148723034316370877103130260742886728970212355853086774629292552103704442495657770108282777692138371336261812740884230814176378880
326,0,218863306644196129029039898784773060762682557668152597160882902684927816596216017732660857609041754904532503697842411931967401096363946039499608987142909027998975190374167061488514376357510119424
327,0,688181754078859008361356622070761329779049793097098554644268439876085209646528660903178706759868491294232629059673216282091800039504306616374817822887750642602958214083088456658379417802374119424
328,0,2160683808526211589320793042659369249408556820229479882418703100741336706463876418967099776351729580082321742063321914735199855234070745534551334209292378646799474587942826816626906987756561367040
329,0,6773819759835537700966111082525413168695476964548629282346987137187149294434489270854975501440612292584486503214730852566546413013187656461055435091624375446472160117861751053231407040484614340608
330,0,21204441604606801221424590305686377802375001999702100406940732623978782861383727635229406573931140505557555176413127853424693532016243316272234482799927281031036358589544982132785903922180442292224
331,0,66277664465985430118370971639374797059198825558221615311777314538730988452446821120241944398792062362178260035358815172116693927527555082149901455309838392490776073392005709744038380814661385715712
332,0,206847848964196056372042340773130835730508444874282265305735210351535067969589543428934159938626784793895039167881571246911604343873784438651645149207103061421657343387801405403378210096498664800256
333,0,644576577756840584721893107042024974281528460246530250283007999908105604980665620937151129275847608449477826411181022165119250447652551489640100892335190007202017973055002806973718388144135554990080
334,0,2005551906876707444928483386054407654882522966372002406540979192226087861262521260706777560130891144635059041817897463982538497546545817827260898707012128684439071207597222528523451448438049864679424
335,0,6230534120589490885190589267286528640045145667551854258384196764785074246234408042869287799826251125164315125432834482089505542217541706020293899171107167352493804035358094277181888859454966606069760
336,0,19326120357994169889688475823329811762392510624014240601433600390344250320410656966521828329383047126511036898989067671348040725763552833349204981566761952132040822565699131343223028200434787485220864
337,0,59853297968002949892431251902939713993078453497873237829734027475442679831588121859747959834883518805089000118212585151388711831905887998967843280652135923845025276483265382279609289040878203899478016
338,0,185076552400185290289071119317520776127614600953954177629024048848606818227077650589218305148763509607466291813239732965790875853145661903481811146780389676729420645311725561913403344808743891292389376
339,0,571387139290967269498935123035148760324255411913674895418391394478978286309975412876821505787825852940505977755367728271702547211812397217228816043350803670119536888732897248848097705643288237342457856
340,0,1761250091784136434519529523256641453517631764250442216139849030816063727413088082521873180908825403727232877373710065615001975795366301283150195130153214418332871457555002916541601428596232645561548800
341,0,5420243446171390664464504292869426038159996299397083834375287140854042381554056564099859249180346915287070075923550134216734864808783719189128673556150108850513163763483122636041123135942745601087635456
342,0,16654030979717198006711979905850891883148910903337223663857921157368143254908673662703414255823599732016055030901589812317849243406787813259593914278099454499007632646132248360610933250550327647062196224
343,0,51087928399221047109201644895123129131757826237201762331706892509537919553924662802472009782896697047118660034465133417802095353027867455862840245384646522612458158282195477715460151974761762487609065472
344,0,156462774250539672584717289722290919853671389546463953521269147531892720456397561363784262892984349470647615023121530064889956977363320852747296836735489934898167595731715535862706789965393240187358674944
345,0,478401961303415124754352008437795993458762890148667534678364206295058777443460047099307747425735807441540298947904500836192988877813241691025995913704516540999234409267725729864758618646916111165013622784
346,0,1460358114805601616279225205082233050069314025815628153545720473618565565982173522729820926852450715189961743812806768713942837603521689264187266330459402859302354200806954801413116972028043740268755681280
347,0,4450466081996123432390713248135687111811833351646849687058144005675188291059179215140741261976542187209714750114849204553451957210979568925020826083553124762951825147311423364303629547049896404712121434112
348,0,13540243303298858514898855257344733293745977744973960753520681470169506317889121816323102004067549421182158105089812991225346747586220781297651110701880302484341078734445163944857756117649941125327593930752
349,0,41126081889238222242321158773681323361966660234645857382058485964248159638588227459631453668176545034259388228149810121863679763794702208938521110903083492880292961604795458562964293491682335496983784980480
350,0,124701897352158486061431797189371620691023204209171190889879569452037292469731196731627299972409587864667530238111190043539883382298313374184687581811267186355890485955475416712929376366890624978401095581696
351,0,377475282224362590366681187245009592241499920154859846988888672322286680393047510592869999591620333463572718966582395642721012496588595017173075454147918048412044419808611855284263354711192370957721968574464
352,0,1140665985021012750807141362367723681963131034349989253963176027937656456656052135848597243138076277606282727020454255573392796538004255931566499758598784488855383747385265311134942043671428360914856711290880
353,0,3440944519093617389050027346770485582457719464855679789364568097384545550145072200336586034781808696629410688474631808646593859784627833672629075727372457883921377059477581716294514847639672491442333856825344
354,0,10361929993323370956418732662805402056469991504883551520323535221814831450288353132075960518434906782517651425251278729544954245473469585189084384240828151211954300381897403703533146534859507673797192742600704
355,0,31148844694761018867896742243067830434361766649320552535107637254751886339330036285580152851479757600829256699665993451270043686025315689943668267599373748900488617842376903371747917817299962038930173530734592
356,0,93470796379112502309887447428716868258386799053735926537492147913771049880131228197393523382274408271347398788651415319978793870265583509853877687719836621923493220007672407242529765397112278628868839260028928
357,0,279986413023504049921108911414701711980094478285433268504200674182501909171755564727589397643622329648123291913421481887812788670498447131216819497568860425504651611113059421093610284714163046679674967929389056
358,0,837180660771382967013093326369053336012128749433844409380727442823271175412444383637379953440807543156588323628577552050794995081916479213720045583373539942364904202153944349357873126305645720809645736879718400
359,0,2498715057083069296728295003714185394964593575006051149548052309895276667695755695926022326374055061165563831641600440925733074173953011015500616408833637594907615701135629751193971469081968643296869587068387328
360,0,7444295244850436627989105327584792620638508476295284721854057905564898308612377097579849876313723005134377573588491244968567957777470743121661330947672169267829192425477036048602732830282918485687756106764386304
361,0,22137758146089690047395789516426200564416929876447399968556312988227915606085584952654034017650186800428239359682582162822991996919294284318754842541249416617801503687580815507264386402312079396876984855306436608
362,0,65711390432342047899743587748520817258295325931223924132633727466509083734982473436069857801686840800084774973220108622119091970716137880208647465375101842030895550210054199144104519137395473797978385442020524032
363,0,194687606869218588350420271381166059411981572547397968680086499647929841961684957867922608444214475643634203115329443040730370221865419714173599277267101636043463992774496908834274477901756489647332578715792048128
364,0,575731691472910586108301113668741186289677423023054532655502042951944738484720166846719960642632212359295047725738946877519119177747307282385807171877851339655460718261630788467504563488811648239502096903260078080
365,0,1699337243378908866216890634423615842710029330981485324859858899526429726962044571889512292272292390478538570166796444988896449766242815744099250934194921463732714033790142046800928161173011914755309568338631327744
366,0,5006220068132744983355441081914445670060535885242539258656822439916703977561493759254060021607754664606943646440901330706959478760204469463325302419933120903746393600577033712960428786864698427791281002680550424576
367,0,14719884719158856866981416108213197572053967969010077494629650628765348076255752336432064805110520205874361500748481544785228450397285126901061833992842861613573148996139553571030349145913488086641598789421920944128
368,0,43197245671524604271330792154594031393320337627810008321526114312531148412834871761904473051031806566186073630335000723486820087358483489583184661814960671658817347068042422331228430463934886521481968033028112384000
369,0,126519602045044865304827696198100997839204541457668531484359775533635803456329824924412205031913400702345912519478480031390178723092462758409074990755937210012985322386321535353154028081639171325363398860994720563200
370,0,369830308018864079906424256659534240270661972859179705477303490023881648082788094681428259200011443889685845243309055889968549866952437153802778145471025152638230105004181537493639580105335719238178175694096662790144
371,0,1078903936526939938429821325466039629746031029269632583180020956149972523734428471540669008829904682429769555121917819691814233561383345993459767921131764203438257689670855718852648775767695254994305869293614648000512
372,0,3141168203263048202736352420931036884713297646009287948734736585546645565973030394799254084780442149690502214491347404562095041167384920489512906941173578528755089274687330320660508651970976095472092121065531541291008
373,0,9126833878629124108238313282325741333629497669245608478888221171383976279832778733313031185313444313448015500089289242592445500647600695553864099444832461234323627306277114591492575702075352490686862826723093078081536
374,0,26464390604700700481651853552975439595538321744436534190872467770112112996785991130119644180146219380301308293764325398588608842658772217892006006213621613119146537966150895089482894697598773091351957526663246817263616
375,0,76578801564673940569647070230829186689738942623349435916104485437535882712048665338643722417381622730694576142352653897854399518226316613442680902163215758223198662991290014133483766570367364264788952208259298824814592
376,0,221132266725120328851091056935506706003785084903487539681353320854186156543395040921131402229225155285495511906399193127280231767807462554135735457874531955266326919459670770210040569260475842757980402779649461792538624
377,0,637212627338134108018770266455102247517560879526714520264245469680826245048721649081602144502278815698375762210552292244359391227935727291768126836682140832323120992488040519696883885339934497517303895550479151828828160
378,0,1832301756211758309049505888402376737162155875865955187039498915939791753157241792012568049262164072732186003073690045626608277181065806178982512680194840780181787017337639716280394742234179413864892754820857829827543040
379,0,5257526849474854985142595984831135760633341002740629136233507716843679454000951127925720164774067587604074445531419178545437702792886947624057789653631690903602682010703991231208721227367420126751420091862027105229340672
380,0,15053213643996927501048871798073533159939021252857350054714317146316674728754115039576716076216867557497743267478605717519010600552019367618721372570058824108039296777909675357606553175965168911690975997265487685360812032
381,0,43006228733125484125234046048947666258716167049316413965733699436447039685093664407166242969969269125862690917076401707699398302321070283118325651745007901872300505726476148690029260248536764505466442040900370348390744064
382,0,122596739687132055642165528624157161807777317162369395949770705859973769623022048757079241401158782129065057903084927011453627628676607438846251149565797214137857594600120663118349223131976508187236465387414345234675400704
383,0,348708675279424009552195110110420911671681070409941983500763946284917099939086639244452993327919942363540072336505224492412499948094241934117887855108370691612105986652448496553522377708858827585102103734109782303704088576
384,0,989631532564552862095865311719772020664588548881359321966024071798463514436318122026096308717856446209969826668537750560144407297703455453207398082474247842039050824374628721180917384057849696960777028502808599361291812864
385,0,2802216790078252212747915736590719229064377627081168854934639884923727766544589289483515276153538228624001783885803942846610765058266290916950259360133965599393648163596789302566779449546695510592978468723955960249487196160
386,0,7916581367973142272451429710006173209032906619482312742626727285308859258992959124998841571650181391210046449302740231242340831897015588825829397877023698951127804277253325639745034968004867125504951243035078634274327363584
387,0,22313695092528007657367057932247968929219880277521954767767144428305572814987822722951148353078981713432663511801286073452416355968520397475199474360939826170441320271135399776557140079547315218939012194344758245901719306240
388,0,62747020167341081916440624676310444181473473702278055211993197986187137640957188604422247972667652845659129415054499660363416852397536417818846464824805892712472138525025381196315464046254121612758509493853167798576073408512
389,0,176032254946662752167288560101412029408857457376538014037588029446371643048597608122876276801545381219370469684800992149839635222242312683221599794638041617880512800517331659429669425277964721519047940389321936719603931545600
390,0,492672668629894025189888443844742768734665648193763749452329927958869224839390612302753979483508153806924405738006634839772861922161373752342040273622738208038436770838453741958104187084176161928392475671794250309909432238080
391,0,1375564925516819516709933504353539763711184794805853942548809192386374088523338873273394092718121805829981057353050686255675483695096472924465764898915449414471851384280788322545215613365788179406532226903507273749419127734272
392,0,3831327243980603069090923159194308864395923132271756053982816902193047549976788053269120479071979082429073353316826541130071893722940024748650276119692092764448346947400224715129260566128036175219597178290413133103884207652864
393,0,10645151468450020906840396838667270486509546160399458275469386372320667677928492797502604360730002897321748758272498158595862115146047289715151143409292269716206501928118467716750708497534027182336255939657141381582984212119552
394,0,29503774539417307298867782200638435019278835763515186314616925079586158631609342927804065629084489677811956325751958618935704485640011562263164521177851663216165513815167770896886970901859308394974287129609444037175902705025024
395,0,81567081901481994990311688007191139722837936091991213382049512080393820578739040261435051044986929235592829886031370040235700913662440561309864701712174819530465948893625138432340593807462478669603945117021352799872207175024640
396,0,224932455419636604160656492265823544085494119667442648344534269400338856553944000124442807635956079379336531586668440203804963519828994927897242896062657805939294193097845109994522756069006274747412677459290715033083923021168640
397,0,618695828445733868536619440157868117979944154702930976893815324821072634766646408594965475149256043782321171720510975340511560721217407700750951974442105400954571867223979758289856941607295524075134215197203777699487316680114176
398,0,1697375345111335668621211783593561090466813803917214824200859834902563518748666008597596478576807337791226103021467772124986870272587747875868042389981339361678683151779099745093391939661635412749713712231027085558815494051463168
399,0,4644529859250342293682948551255436796993073371674595310553741730082530426567959478491713759128329371904625990547707799495927748024391062520937805521998247766362446165080126462558737068766057943658935893357016189802569223798521856
400,0,12675236674045449108947418483058141331649357341963260628118064563508797711791912015638258930769297045636321666574641176922499902039312960385886433578104046449112653392315536164415804765562934064580027204437979740283433706479157248
401,0,34499108270652251827270242965454851871626977179005737869517658787571300813781851522519524579562580144109961585530142648626413710684247056940564727462653209925063522794093377916169580876733923783417739726607526664660816774620512256
402,0,93644850706758570636884554234272198693249803399502696688745487379697695836696969458631029863830789033453878364441147702088136149827666482403481748373655208340957410696402862272661219958124482523101281706049938019799323457020231680
403,0,253495743974477126487574566490744231954224260471840155147101670224382267923838323138876914373509413069712955277482293320831151523496712624795110952074742047709744165404561005031294990463521024684315087755155525823794779217876484096
404,0,684312397121245980277534299542337024922846908824406842844850013922353224729619939237594308542133520544466523362044587306811866683481339645769136503708356859659558633004971102786717326535726599583608379669256583551099057668402184192
405,0,1842133311689851341522947515593900399423562792934198758836202275594301820913064540256756525035736991972349213708390197940551085305357769155336047393579232017792849656837504900843928511097413453809903383654992256801274330136749015040
406,0,4944885950419950301387140319224338876204443761855209403287896774337397587409124690289057989532893726506894124599331925088571946112975237459372095237337271528350189805917328725833904683511682922488644048413368060464779825953571340288
407,0,13235655314173329751697123372479521066593630017695027365882430224425320968313212114942437244757778779110860691674799376225338156483676611562235712679765811207299328910090771011695598552039816074190184251496138291807233543864213045248
408,0,35324305827586471677264862636998497854335409995994363199203366297948029822727128325075231052478271438329833709029314872033278823109042790708946356083387628407044474277323234240460716415805306004544211440082857781600127951719521845248
409,0,93999514149303932508092711909315787782781371308930524941152714722235011886374788031190743848150875592429614408593580970019723890458129257148684271117205065093482693778629351757565593166911380583438428526618460301280073760657228431360
410,0,249393897148673548955612672085828280993625264763982793006153264586813886682479005308687197421976697677494342834679741437469740492315568009622754919782425711877330106029038150378700712906752281543339098532075767491339336524745114910720
411,0,659687735466028913592976771472026899625176930752155815317948857876059997143088278142098324628620629903602283937457350687553736974030952109567327331307283192838654821767770938360792132653710238501598739042130308126788577310250285137920
412,0,1739671232464323614556104687218579021211985508424486462893671237809907216899317857738995215223716682447627873137324810024097246991775696652427014441329188073538793700774394439758205496526828068322719040937350633626475883379602707447808
413,0,4573572959384628942550605126425487660837392305127182677634297634553606305189038753330788302445381502940922911716283305110086150085180171641061222976169954735095248987036276016209141186077789786796696069658030876338351872903230255005696
414,0,11986346562946252104961536181199417594783225666316107127825381476048979870288401754185782096361745012164381783258633462661233355130135403714041242408907344966918965641002978765276280309426234947724868995103382407628528680758250890592256
415,0,31314365767539325639525578944284080821563967643946503847289152316649950731787765670391400349552491187647102291460663000973095321432798221007727124797545131682240910161267870252444765828403983531762528696576397080097195231209943858151424
416,0,81547077970191541854667183909834361835030194034796487567197081405850774376315175644337710726653434950384619660330166474208710935828427781587078541476152543693753742534615779516934110662470439626143927155522335485431819937995652677500928
417,0,211671914743741288274205200362035457736165227868189021406355142607295891851213502922900412960452528812679366591047824535056147278873828736743807684659307917425953000391475188946572281188805189593869066755682359739561970264390890791370752
418,0,547633245414866364427866454777974759219801941211387271146977892544955063714397569935851720952494085924641077706993510322725957503081671926298937451181276461990379706184472844768102208188371478667680176645647202224046399451466322327633920
419,0,1412112839703259315222257458680330713923408679701366329804683619281946568768660728929659322052107069917813475054267209911560852828021216586311737168606582265523452706570991536720588270553627205417768556173382490617199943797007459305914368
420,0,3628966284394949348136816720950129981982428331304233730531212898283636922848674808436244887160737940483118495927328357662467476425972557406396918094032536092864147092990072085742243076252369691880778893934987141232130103026772997163712512
421,0,9294176214085877268638485885415342937006325997761186870177958061879246911359309609631571532764212677302318983487484787767778554711836874472808466199455526786745489289362125191342810731756206161571936838461760029574634794570998637133824000
422,0,23721022210748703278802471661994067538967392016727399439974478287151624033020358271446654674813622192970864830521652918730534361168564462488359671383437346355608798506452004656461241619869066033337291045318982968032234238573370909927669760
423,0,60329551586932231899017081715854979706744510457975868979446766089400705036239458902409896710523885939995195533589781854447916338694590219499479438208798328004194057312959899756021254959763506873315394092039938273896074694248937723772534784
424,0,152890405774835460497441636633910439267760917406235110133308959435093359707398127417886437149192811084858921864761946079986728153163862754302079188908200131939128316562523193198771695741903562424835666873610690705959135160185215694879588352
425,0,386066933910052478041281300162451218809054033573091669577638298736096059914234570442850414563892472026428978248073622470944851905946646986007963541892097999749472224060724882838826932949538594232241386424561730067667000881861399488032145408
426,0,971304865287221019444684051859339828129444455941385853735438199169332465888003313736183310941323086588486503880752413909123167513838048748590337036972991249138853345439331263113335476305062251461765726292513895333637600788092383697829888000
427,0,2434652548252321944512063762337479657573576534737652867399947560670918897299300421787408567413119120974124267046785579138115247440471008102510409876345815428924742546946040713956148440511924423115638298884472685307537279940768874950201180160
428,0,6079730109872249049673775003834343368675470946753199697913726150348890954398423194226383940882188875424978252784543951846200183697369965423734849152637014245649981909379672852748779523729902814801867658148260355451567272933507001473214447616
429,0,15124269945136276226758401392736289063842979262806950582824962925649262976635068203139175709407144216954778719406652430860558774362639363900572996328625534399515881985218348140506027151667224943612899876175035452051763874464200646090830118912
430,0,37478636578317773439807021753496622700660628428194927718567759351552843519542224022842675043864153077088927116110953631084129894407358222860688098038821214028002491074027423417160366943293795921727927630981291685370164993591386763103452528640
431,0,92509922323920915745122238845911474870052759428325473132759304782993954453501087812471933690295305011796036805980240731920841135438030143227261040511752923951622928499821446689421549254720280381919306649578378726454437819369296676445344497664
432,0,227438208525010001366722359042171021870570028821703128213325679401106984956318686293721023497233984187992256713676070902874162193149783079740356086193659362658424190967969081855286612720466858125977518286384929837314966978341840132669513400320
433,0,556908681451975172316133355993340608785878616899827991302741421666030273739037248870406030280505922294526431368720006086920163923234027060551593614679857333459985855895202417159388186481064481665363487355677287365045266490850358543185992482816
434,0,1358076814170196720521657487491262915266828256857933768852011307513164107244790808386332903041417034059178694270609196556150948924510348212319508126341667664570683292789456459744543083301102352486777777404342292167451030392466250713111256367104
435,0,3298057639973602594604084885965782907838423870708365925517180781660110490045033706640149725162343251832514202347610686606334661697592147846630536461471785957179245000866158962213285087495108444640084531186804468789875825577871188158663094173696
436,0,7975518261497983371900510968934394670706377017303856559731786627576391325897299388172140141487052877904232083507847511859548329126829068178428743484116115659396055445882343906041223245993875537123850840484903935402875661716965975802083524214784
437,0,19204321756524020828282172990829249106609167828256789941004821909285196968951374159072444768072630321651622513988049425670845855810762239858492536981596611151317010238783949147524250807290630120027579872280550955714863334113743054138712415797248
438,0,46041604110926873980283234082906116698988026898511084516024756328028888937461068769289325195124837764874068805401145300140034016003210758977008235523986318285830306435080786426430671926539771028602827977087184027652012745832303907849416292171776
439,0,109896723656116113207177956333365984303562148304284104539184198562023519985641172831237075609339044295347486205802285609028726119474829778088114825090394898565249639648392212553504715810583286482218189898329743712281556695265017335811699829112832
440,0,261139553822489980974203146427426107606913842421168905076068235198976739587490222878289426965808317971174623625235911617830648388948616651556652801909095533896930764169235934829636838600627129376079591754163115175847874366157226226730089618341888
441,0,617709572271720043483538472703953825668998567205783081032593375853856041836208564514680985223787309496083341708583432958586359194332996121856350236667647294986536994442143995917403060195381576401348088737768651909699826184064325707146873886736384
442,0,1454418054021619521523646098128252653639463393746982464718812763320821984665331408827273654075678486460432498329657539950113275063667711444125240419730698644698033571832881778898044557756433266740464346232953639893780747817543850919914813857464320
443,0,3408444711448636329308291601423639618939737039642608997076788086902841913784027901928935662178699555052484864234783741001877347634356579545690118028374159171709522440751853462213193154835145774969885549424446199526954882218991560173265337773457408
444,0,7949749672488442530966836902905645232517351160943648637529768056571805723639183394276606590553180631009637806949052792877145702495186196740496014759416881586807294660350953268064139364422041359852217690899780036171829670280738715967967161147719680
445,0,18452205564427131459527539693099126345529553454375401194161587268874787977940049730186115894072315708329729606420982407279665218687386277609316633694451418222233947213119140887420377145254867387857145557568507740042294476917126997348230824191852544
446,0,42619411914142248298200616715885125232780217243655255649651547651498174441417907803980978422044769058927655064948515729601570226243681126191637378247362705776904513650251361119545004816684949135671889759539896411221512422743680844985427633025056768
447,0,97948305814675009476190527365796904762254801904266031399699085378716503979468190312707426472722928191839372987779583390035985413961625307285248999526048138335555575482822600678402041767588853194661120730710998947011494010136753538269314559758041088
448,0,223965913039525593361752590337791988505021490003773536494694054521746083395177906877665882443705168342529517476245896146554940573608362380690163689932482552845494800585903508385698332944659918239521419773222479137623237892014498655593584482874032128
449,0,509479697561126336245863105084323968462785492478758581615688335322546492227397267789416145480982089350957356989576372320183148654395910889395539445742014913801053058611156877455433180160766590823938123872530788681494931312229015012937683778060419072
450,0,1152910112613418011343803153439064435520437265995109752192037924847241224120383362922541949254081894579149423672975044813869395858318010883593368730469229955820292702094795625491226928906426177162095251317049608196302306625078845302851629801053093888
451,0,2595078268359541350480710990356554507879928078745996399163020981975015812082297793471019950023278505437373549523249442531249912955679063360689823665042133727523635715082082109823422585487073330913210223085346291218426824839755830728142436663415537664
452,0,5809702929809164493696604724569794815233821467246168140659594576760962064936130216597071189203480886372121146390184276143363219900314054151269887856180193923394822936809177647890338814204050324467676588587710445246601782907013392733377491857580228608
453,0,12935016905729360172847990663460087063393998205742508709109381971751142728083973580876729239452095993577233175608696026459861680557990827391190033195927194374543219594761356245617261689384885362440345354057445481482147639879674910894021197939301416960
454,0,28638480475317922031178354969120321271550209327422174568799194431461878975947850862963374830246204199396292927885142625515967892920605207620700043038973951962334728328284978989559805268309634685439901785353423806915905679955454043192406415280376381440
455,0,63046681496035573216973446665423317259038638134334187628441134594378728817838435990425205830358152008468704309548988409683124542000412295986328590588605373936040097186515918208769878301402976670476016928800763319830869797432526603587889886816383270912
456,0,137994655332669745505114174150621230019438334669992438615364268919041516050546298092587196587467511014071411716564065399004068844961226469576741503440712437865132197273967755822177359532064032349544367521971279860923004173644838902611490781099037032448
457,0,300267010935342653894905559501340660866385897270787088116102931409905923172577446825591447759671382253493493436948119298197588431642580237908279588790439890859072046036107311377457975602811016745255228301717472453501262462396418416868751194381774487552
458,0,649463706942597313541832429835380785509626518905617838442540360971972333867973366594457238050327876337155164028164692746542284460219745459462073563264991177446920625611838131702792474268807778220731996792325290942704852110680319277523670863771695316992
459,0,1396238715612977811358670963023268551940857723393992261756023451252730540705374160759659040953835574527056415939191843803735995645445158127228848622688320512702660609916327483031793305243312551617152593501400696348931341498555107153167758090160379527168
460,0,2983160336634089613863265560686287406676474029951487874150721601318001989986151708830197921744896202719745408488731668000765777503049161682825947569369994800537411349592435692828842226286380091820634178623568390541187260841313983399943809829910440050688
461,0,6333725356216495087193239668078466605149272273027125651116475326853382655276167798420306736392286477742438804387923573278146735762965512226063385667302455878789156491642409248240700147730047895903441590946055080729310592175872121023843942197591546003456
462,0,13361650233096074146648407007826478180739599224094699624082189275811589994125963813344103604500091510313382447973550148218033826832038445444715852056745172690756789566767184741065403677545404803702665708851793315777623514823336992052119901820484403068928
463,0,28004683084650454248098615779012783031395540632414342335393444424587008581155294256461430789377589393465176307678528469090662999476308598639871640040512927074777078473654899564811156211984806652214383270188559091851811345992135229039654858599645447192576
464,0,58307076395024571969621438995745511924802920263698692703584350018810194376266670359255995907549148067358299741301658475197003008990994185131632365167829037475268666998428530829145122679847753169184411718162247049396561686739885611585408777757947164884992
465,0,120581623916277122886435844992705668827380372453932299934210044010586023950394665568936177247059386567012502493005924832520563790836591213438615384947884464226875965091334640817866676098499869184011796596114408469719577530104432858881485501397152009551872
466,0,247661393566151240732603441500337711048681584633138701327776517166315674848619982392594692931446175685712582413180177986140282847257711070402989626874851528561607961413084764738609661102224047364707629849744626089594504782002245298864392174274037736800256
467,0,505125967599054254272848644680925206807967272436546803755393409228450111813186291376929129614607638664721535804586261806118136527697260051815306355314222300643887084707160435344151085251711251361097718630705262614942074687937214039685482818986983120961536
468,0,1022941839600342313624502287703098808005383197650733758677179899046885063025579079503913329796917780878087935456306999827788180930892005429742757382554051529311477522773884506253494704729237476652749968488897377493248826913907272020535881855260303095234560
469,0,2056631461092099630224239337632423697857328745157330385016773692870107515339191600220734280640638166658252995385816892474347699722778036471765598463613403974879993821611081481513408791377128614637980206604321491345358003401213945651294504377375698171461632
470,0,4104492291116785049089507816324355111652807448441510493571756285429449329540093838847777978816751013459742242086592353813318700994535556655468041897632905928330982690604341066521899233074111804507716349268656233622310956566562467593590914115026386568609792
471,0,8130208759203735618711644413330595024303806284602113097991538219721381644459440600935331354577673079023563128727281495761022767024607634306850076643825439051060070978866056691399909660577852635676109444461059511654584356157536052949031150481560430553595904
472,0,15981728416189269088702537163017971367595974082297858556524652062169827645529635163701567394211271595626674991703685294357864152766148138943954626188554774358064409747604116622219286265470946522297323762438638100527851334945867042694331408754579458886729728
473,0,31172005050676192233977123095342562548223486473945626574863064359348224927053832198789917228615725478058425797091029814979424835775355599617539212973164963962174065892034863237259439802548019058822163986360869547753621858283635847548141589362465283539730432
474,0,60320150794500448391419927140592077032805617239318153774290032850229973372539703497065175689483808203588886337906260492069401923961776640982023213344152791582500483635907200384091039012761733264029904337667954599863963492831330189768266938024000812264456192
475,0,115785213522610127194517394977660705877675501328064822238690347841773063620194569905801651780244160950411216986379006764676220254385101878270915822514748493312091482035774626003008210932051503670812346002011751357340341280811037706249941849310868478254645248
476,0,220430471310378670161606322929893868283366517775116269073742368715707201793960089579394536395225586505505563992340058214613935309378626189298639071162505604612124645604122884334333470775930237128913418254100523144811428003686926611590283380301465473142226944
477,0,416151384528034020960502820304372023976275954195996308139728154542040094524776430734093975035464078661687006133281912830022803686791058545986906488381216146656898697587769994461772951464677121624051303026878971296509048430586650057420684002516594489804455936
478,0,778975940760118042694557629400732510832428670301033691677076298396051516173975966771324888618843197562992720751859261756271318058340461860499776791092597435127113661769052042478291028529325794810481326532386367129063500253674419919779987487360443081774071808
479,0,1445506178383953616318371193001546242365185049753543376750355642397179933099743675571354369155910838277439134053411029430542721886845967096915477513629701194900924762838225981616365474434136986257482319805043722635572909656736508127714054159206262458361577472
480,0,2658689818754277576022437462740463287277367201424075997307426219610667399718333194193062116970250969303763582690570746255610408542470014244132651725970998651658262819633176601936395603387023870819538919786956135382585190359429970074207361062693517980468248576
481,0,4846119887901378941323790209578156861436342638122027896193713539393236409095833371355736215310821794061740343853342284573410039165925521197005134329271499216797258402765786525318588159833435364882309678839270418777390956325019973015288784605980951467842863104
482,0,8752349450047712583733670626772718417109638253066350582344248117974258873024694839627086868005752752796571155396100634688254032721019360635749764336645854973038575301683641896821534053871018646532768286822810427338435927098989225794094337167627259318263349248
483,0,15659672417464136855149884361281751371616885596285399174413880546684171967343847729383454052790429969660287565935209359022817063100394428798660445304830068936161680180236856342253240252157664125135834689877519087584306529731484417502731020481732785300511391744
484,0,27751723469050782837120817559075359644121101831746340075200696169315024682335546384473311739760405123262344044333602990560774893513705127283270879366537904017010624205318333602010011625775135193800895957937194645644669235447422206377742007284036521839546073088
485,0,48704200533360051280573085656315166982894769718931456361956021075449175827051581096726624172213048211023970241122417793900857684246358721314465492450746526550371187263862077978219939593257503906406327568299029717870704678864535241303209046092264339494106300416
486,0,84631120949212316557620966453501960475149089901288753086143253848410501035373204687522682671860226677929814805285226820919540933698552529596806694955880194293464193832945262953825482093939777054786375346800814083308932256802214831320442804659096556693908094976
487,0,145578456106597235917381792133475488827915122882251117255283713053789473650296946134516749459328973800513538164307938927252714920966859628929579822841053836154818027776832455224118757622228732190072705575956231481515437982905898738709235333876861620307581992960
488,0,247845839317293338720262585293224042078574030966833451328788620841236058499111047101791864304864669265362068757179577968290383279312645815393971278647459586300759090038450845126697614679491299822444951820928177011490180606551488263209345651907794683237477908480
489,0,417537819551523720584360138916481824468260981716811151064292367781868606671972762933744274261365023504738725302641258382355743025690916087392407958968571056156582730427759375286712630538033363031154341153175422873717482662050305229399145628361462375596706234368
490,0,695904691747457941127198288344522546820319426476196454389036037785751199735426237100838054092522733743043611475336750316012542667426445387890527154486406416359064665196631327280489091887311792807155256038757131307978530781799870970666035142545893269446047301632
491,0,1147232536773498737971868523189656734266347756084926193519444810371679186672021775332965003844900733054668590956015188401092143398630903114407501997798802416685617235941228282858783401699031747872204942941794102822778415796150986647818520665562919165758294458368
492,0,1870280372534126300621905396306007939011475610599782038593237833852349112394635602738363120876876961128296696539410713229748740194552660064178189401724301661000861885006714634038079199528222107759276875449691038369717083470321040519163360638557017369543943651328
493,0,3014526839530829367484510014656703359069315318099733875335511910653291021547134274014834492084960756121023577718870017792128766048446853470871221861978839492221248045600888267161856111531479598808273782344397566799219963665559585003225756982666857322521233981440
494,0,4802751425736884785509390844684889840990956019411395719041137672243590566677865139472405577838948884875365359270224919658514767054466614412380917528129818845046201525299119899824456246337453044530725515316949150220544064476220548797640100163037765948953788940288
495,0,7561685167027273987903386591876181601019298331839375398306806743167379765409775842591769980326055981334970146378028949343619336595547825592392243998596301046147118954324802658049197292344029864821850294108749885407872647861740928770740868618360718179383677812736
496,0,11762543075945459913059570758674937671637400442912093143637853129878332077057576074666455600040223112672341815267471274957321564758296147103673162755367066973704777283656683461405842638194114278682833255730156880132033035123001600212327763621724453962947921707008
497,0,18073081138345602289345496873949479006381269360007624117249676274968657860767742598743371761327395863747166022623076426976203846918113356014542709581428698070284367985929451211918442257507039309660082945001345247853270062054357535643703593689501739163826337611776
498,0,27422256133330274347802244382880679570051182618476592630383037859722324053802757810417407768168058792394043204900651017057354518533290108744969382116812298632537071565055771723962677603565529827490061486210977012087683159515975379894919101481994942087924753104896
499,0,41077432425139723179750067071442049823799370962195743238036620871347920702561325100545698246260689175430671507593282172660471393767334553395564997186930590571336319426398028463712417357031918613303959474473476447822179656030812107039077622923974071150233889275904
500,0,60732197451582370645097482378108654666232072485764884491911239293352218071702853369593956829559877960782174283402276406728780347577369881933249487747816925646403887613421783724157225097243883589364428691804913382922812396173784828744099049363585764376327286161408
501,0,88600072272871281703317488807665759613508613425252441368816478621941727340910432295553620527677308989787015418300431308122241861529872851358993816937903797105990819047796932856080576873699022444065978286191029309332291424376039158577619637686531696701129422274560
502,0,127505682694248177408338139839797522387212062236479747602684674569613026860395265996162132131026893382679284065036800058302273878230619019029152111494034802698372021019137006754748207818868490816830649844562214007630075826712591438206393441861906704122083188670464
503,0,180960404730877834261020238058852848520614210790018811463988176633383927079997762476096052008416098010792356339811347843624608485534097919246985283388827415790080129553582482511623701853158753610088750565723940347793925961827807473205361146415247344163071123783680
504,0,253204480756727401560987119960077995522953140914712269662649233788993325165538726283741264625966951800428664577489472795480955619846082130213617502490972494497203565915157114584963833655235933150127158550907015589500745794010043054828415346164728978314654350573568
505,0,349192809620702014230206593115502002050348461976328460982483545533632025264348881532321330074829644186278416418346195431435409089897592486744718618435188215709986069293362747796265683455079222163592411980428943118988350239786841777997539735813639846424367134146560
506,0,474498098121932407740362758418526120519797076265637255421456181465137037453351662660223839575800097390778231324713039837187438542435422155337237667528779541766586617270856325522083731358364297769071438657903506555222851196448809269456442709410161606269069684637696
507,0,635104205439529676088717027095628137020882955593280361981106415241114956205513772538782537331046579583217104319740814785988697007605484016615048289819742850260490835959092404384325673709110757703704444351108569557970576460002123390808605911448478959559678810390528
508,0,837065891300662230846912494628149234366023505168582542881228797579729847329085944103877367613590796058316303736173837573288165769365791247208080674868403616228385831545527211707899212338489050082953960880044196187491043200210002568361097836246006850401790412718080
509,0,1086020291145375096785884634326642912907889609519475945830890492210537827624461194244158408112774520906874772371674936685805829046464226226575423576737538824604188340930041169825665895813008356341241069416435817305947902176692033736301381757313414304539408464871424
510,0,1386551310042661477825683642654993269034200320749922996124902561123409456181776055595485986837485868198345745563794463597532636749044979173908303876074882675967614441243775839867842905675770702532792846376886208479397570861900482863189205473577746571784408805670912
511,0,1741430809362835002233748912782881846959123456673943860468587958157805723060802278112911708081495254007904145452556029414568538328108359146467016913566136804191077326517591487981900192450407001399698445014570155019834010921850771526475341481442850932304352825573376
512,0,2150788559443300894574133015054786712342938178057845060426638955837903425424069525810767911619834718848870440519224327928048582270247249483970921671436883465250990902422536780484898826145496809784229028075376683355730868141645387765520305549385094799537256487976960
513,0,2611293246459223785703256880833942241826080789656921818305005495632745323201216899064010263073137570130273985046945708267855806041590353667116262696298480388163335112416577662813661673840144470942256378233833463863418974631414589935407655819392091394882270402707456
514,0,3115454305773347844525193621123759251126761130784715710809603238280346642938134891152562716784412741602927232489247764800748665674909506791495569361418615801897418972970338891076470532098862435383785383226192654949794950192701089155160472580768611915403255131144192
515,0,3651172541931215068304124419874942938308281435494370451565254088674196785058718506553497392343920348299398353613852481108181076431665319852958845682830000181158277707028547523627480509080432452446915045016330910911904619075956195432044796765965286131827717483528192
516,0,4201669487765927243973982923434751636017125473887128221084127424477565657214449233338918192237653341263846720517951467522470598362301817177206979555578148753282261407145129478788731742934650204817822283871666523627589401525094426538715618583964105901836065310769152
517,0,4745905418301004816216383835017453804064847993374861531656436556772326472887710109749127504461534099390323935879356873183627800054175106010805639255688845368220795078716920491732066976072398014850512650730045764153849810263925784233331264085586913410308224288030720
518,0,5259550897424041589445474902925629766400818811133293764818977568399392770686887590520987996957482928327131937158008498169080202891244715096301298800593999750687045104670210515919997934259257306346343843177052643269463036779386376233815268092134297795322372004249600
519,0,5716508275380954339516502707235058687088885824780943893503451604654500443018962564415363917735466541356845435288976388970025358143043798835114375939748935409345735899946167549509477284068467661316326324983914984107868356458239717337088179179554981547069286016614400
520,0,6090894859594860669071679296360274072412982636451750348443485932555219522552403031307207631278951098398406040123192216762884324728959217332895317635760339240141195101788496911684702021831009386511840442992389806992150771152697524332120226308769356958770948097441792
521,0,6359311249962007470421078091958970280974614867779567493451772191811761809414566141908467472288020196850768938050602840331444943416885614153587036294432848015025335384098716826649613354997953165569398137138180460961322467030218248191289712139171478096828001125662720
522,0,6503143189765719994946784701379752285248712009303777381097169695709304861469219992813059353222377533540015671256777014536574720316818208002355941910338840595738390226814671853381557533158314593849871079296843862773875488370966243156002735390154772383051388867837952
523,0,6510600728845680090860448126932930174150432008778790668688398114669481183859215545700471812187187046662174210568191471060421802386874477360511377164176279241925087088748953806287457494998037527201967339822607465127331830842375398404315929314398132069759457729445888
524,0,6378198834604149819022783659304717016894899643047618541082736956524494277983031970320337001379289562188087847940839913084708361837178268056390081069123757155954070740124397545108295793134505181362037081445362311392753562087171878699780161279679030051557678776320000
525,0,6111435816859560647622674278930397283290154978990829801627899426817733991857586029411274847445071959476119380735500254073385701560138451357686526742314545745216042515594609608998186556669766728061140157729395230138117697039773922427239297969315074249250461422977024
526,0,5724526723459238720596305021859399770360169268408938680990727806530063346351967195866051632162506502301405897371425204687776643330157847545514414238727334926026163732378469838237206463493517937962050510347073909797992300965413452348500463339756497551985837334331392
527,0,5239183736983425081313089626514924521322893371833213132923850612245155598095081300696788044413481588961247284917807833944767566766479329845810502781869011388250002695578812509622878024246297134195421486487747922092235895171472808915369466491581706871378305597046784
528,0,4682580950476688687881133349573231258512315352230391064780627720781634948369321463296374879683648102693936697167930724437151997627692059236247942021471010922917482859251181271271598175912876101737807282015036080596146061283972310409712647647544224174085642563616768
529,0,4084768697548538443821146244876939644530489280702501711159994913657593423524199858072052722434063541154775011688821713805321291173500921044884375491855729869920471173601041125732731922833608628766131492950970281964550782921636835683182203975789250606597248225640448
530,0,3475886831913200782250509824129818727295613858791664522738391726027308740900932652555663191608285389145302328272738246671628422364385724333745298213888961223014828081789675664772768405889150679838712123921723106013869297636290493443033105017531861730228854241361920
531,0,2883549412563365969397752769611044276488522553026879696686266095116221113908909427938615633694697228169100747741701011957633765824901860489100814749883678863960251510861920300456682395450310287569735186574271810094519373057322979785247660065572744752216081143169024
532,0,2330730648718288656289359820661843982315801163298746401703960559252057199111697903451256579868198197691295242263186375670955001191397674865021486158321506828232007433327435485159632292736970669707486067395844421585250193874743561192195877505374447646094281188311040
533,0,1834383623531529449178847434623745394177230254709151586105803510897789206507024096390538505197141403608030246374396622823228486189971620774802620901115106737641989636717213556757119368196883557009816966760609038514304697267048570299194120112180881130285834562437120
534,0,1404891171998905341444642571765356832401520951532082467137418348690228641049909399930978793061854828720513602566715740282037293898236464262628490678962427686584326249536026325673366299327762729314218866998419073038022180521844506244872163169780504332603036782297088
535,0,1046310649324106785462430430691855503915345842910216120990200653321332849653958556497262911195160780129806420753227511004447361057725291789075624526462771934876858284268037490156486168186175105812189469006439320042624278572608510279848317777051100205592200276344832
536,0,757258744017689183542178190789369158168852956721910604400271031074754424042544409119879421598480334222291910287869750090656458236068098350196118483880321482154737745314629246570482234412835155666744069174679030144416764795666772027870554863032100114888878270185472
537,0,532209162160177062193064256925567220685029607997754626664072484702182268754090880855817087385273333351024506399950581380838781942569807407206846967584316442790547918618488434512874530859913038878152402044270201214512601502159320242998509151865452245890152504754176
538,0,362953594440156648844886688344787011428525361013369629454715863919476093112119645872910408910825675707485869122647490031370983465412880878443386409999057290174247960772290187742248440630393917173499511617442295262930162615413546979114044984885557733559012138418176
539,0,240001247630057278991938679256377471689956410121776769007025058615763534646047892952947292521486374619219913496042969330795081556266188286587957144459840327706640797048251510293814871999986091113491399686822783993056725136097708920906204928489388897906382807760896
540,0,153751030005763111817451044905181816861454929374984981430614645799116172344687202928617222054867926819199282872458081046360319409163859288291853106927597628341352887997885107776417021931087257868323203579938834982395091408717319703136408534746071998104195389456384
541,0,95344919038788047767180888924147282769192498998919625250227507843809304316671685856976419034112751159374712509148775338391362497037398346553634524755874954520735314746853655676466692972329329082290052855833188657649979432509733692883235327762288651887416000380928
542,0,57183129553501495962834466194744757263633653239565212129235851450526723698747298021076507015120203867185034813441349637728912676282054118108648903052461341169177537362967508327049683589163206110143254879082963266065108665700218798269216603746262739773931856592896
543,0,33138015121858782243269656273224976999264523783719113665645649593457948678704858811589378306667624588941709428196805891317215786186116015621471262349703873685218913349484261080639364278545123273996478623489206685696492794522333006366785869564997730015300082991104
544,0,18537468871278188236559326138248809903791248842175700776052929708691436406452671841036047783808865821815111926002501975282179126185416249721442762676647492880514346291146953670364964151657513045904605022422536814814249729294555102634807615938224711091691376869376
545,0,9999880358768572604390019374986369500130752528009416910372754243829769880213568804924842298136142047151161241703060032529791403557361989678833250322062190341427783550497276243177944926070592315680141487167789127982788189643054073590957516164901318145544697151488
546,0,5196254086995925650352583699490379833062357257875331005361557228127437151861097985331146353872645482608306368128603783965355835750995352731206778265361657224638985701676312999180854127672777691917744335875928201641531827120618798063085493585265638458451287867392
547,0,2598012320164963491918627189211114535566302753689391373115466621322065547312055274727652476436006247914925190897572506282843228165671398884799211102166510439888756318115267567161417804737673568679134372183703582597742850946033558117723264974371662160892897787904
548,0,1248308131027278156074569485485803558455320564048509459957920385995218787939448483220141779941193242023568978133152489978727583946402456131603118200279057570988541175128607362560993534218376241210396382945314506597915590598594043847457860223295528836241154899968
549,0,575670454504908744489072700795556991876610941714722769755878747117823603513826299180672483434491742537598280907423012511257743712357484549395435419753387335649456088737003888246889965085524503721399694039786738079334043988123540759645004542949094796183163895808
550,0,254450323167059979445661862926607372945551376149511593203456918537374250909196390276099394071588099052082987184234699911932971419706772049465784592129690657026161085669934220126103864360230365470103569261295641832939249824682142033876163108586330506818467397632
551,0,107640011700976361614710581171799305681198119869774760888321850497045437086097331206945486836453576023414861413227931284642198580338656716920879463645399862033454422008911359209706945771671072609869326545988971875592311727793359459034870843889813532831972851712
552,0,43511626875346026442879229557589115454759241495486443210116472328223231529055901778345260597432967534904253091442158940881267703573973840392150013332949961650884146022235650487296488021956051186448273390116606523436969179424453972655624522183912419761550524416
553,0,16778985398980252521426352497000866587537645343137770113420854044376383845374158924530841927081888974874936310290755341270152301665459000429877988606216889933157669276129780869148275414715944029936063843705141938769234776249907601531393374539765000177377607680
554,0,6161193389103887241749314806481530183021374360487599167347365090102581070189000652903659624418274951663841154432656621326310066645318003638146977253079947460368385027283982469392533306143887038788370838555672767376501370078996938667081841524276008505992806400
555,0,2150041756576861937484188199216817500654083436457536199605183434455347974761865157816965098962102250321035152894512126710688609106537305580605075891050718057459463995369137482814366665190977989129562034528661168628109640341511360639546213739586831591145472000
556,0,711509644390306674484526180148544297904016690240752347927338836045281019002289227744546052974333214095148384595844306053615316404618155821620148976106536676002382188892100307407269302733108981756411228506698455110950207107106171422900224344870240187842560000
557,0,222766080019566199626857724387471780759298365857201205918996339166378265724584816927285337079157457474999021757537360373199485793975103004739822510913776094427934313058210847528213356773078475020990183804430760840814730158790570213405980797283613854924800000
558,0,65816432730186460846946210827173426050535252704884729164407839525477675315325434558984035467400430874076877128650943701977585592119191683414279475191135055352543361580571648832386260602198711236941835131191201622078613895991810855725171302739742818304000000
559,0,18297970690973997354749402662075475736257823240287541746518439192162487846166527292888942579632422301151627712008699997006012479084898288125632071540419798807522658686341218563243952639444680953549912071272667831230218061985399514833693787677440081920000000
560,0,4771826240032079751477113539516455306357442724937345835204478355576477084409889263230670731834066784386382482382208281011179165006311004927725491637592089718911396272543178692300371437095719492232483154258940466430185607582157321596710598865426841600000000
561,0,1163181848900260459735711930538342031199926855079009843930199443966534751831330225952246630569538720617872635696043205170440643912872647165204948312394706327465796043506971065491398230932338425877306462344196340445354148747146006714285392520019968000000000
562,0,263977517963240548167170549648830778622288190178396148290555644252714912395180973103561621512106790872212718665908434088631243391457702147518756484287376641862986127371300908677315020190497713712259892029506229285976018878398260556035251020759040000000000
563,0,55524435954167484293076170923453359393126495220959048993317116957529637370829773256243810885233225861617069577022591515805507874651944330311996693007466179965084206758567864433385163984862802932135672160536412093660437090560264894657298903859200000000000
564,0,10768497095270987896024710469644678149838251144189525380976110433569194463387705266037756369889877273390130627986711749410176309009233204159832178425262240521710365067196296000020723371341485527489719246306729225303100987496406624296255881216000000000000
565,0,1914171531422268304114526681312530624848305127070055259684998611320336477591440174365479598018879619241507189787730201498562729193590514621794450100383163238355335108284659326428402482057162870493068438438674786513800113960422999047463239680000000000000
566,0,309681093133819351344994498843887577921156121562773874047413027821807083373177533405898831006151256529035288277955175930686964346834688668512014392071747143921368908895259586851106993792561855702443327236366241239998108652545834574308966400000000000000
567,0,45220294566268244546776946123950596322433116247978748428211668249317427200554184015843585294609207450765189663213835813189275527189515945030105392204786217295686883662208835499500186045752642355380914440269718826739021614264230663421952000000000000000
568,0,5900029701374676949102428650117621684059067203480501285176676383812248361513301189431452567608156899234766713784899951205808757671894369131742866427165240829561337289573952716969825521160001205353690406057307752065774286589762952232960000000000000000
569,0,679305758349075881456153544076170310413904700232757494909543133779242332698537943837333796484768228956877205294985459524352465917304948027794537876645025509896247963419687820787252682802684060928557028466043294232861704399933459660800000000000000000
570,0,67937815458804402256264138110112611331722246324905473230345036601834856492454078661636689734899569249744335138189680326189454230863327320045768629334632456963219964359632529598453962719952238944019379026416714149442696026190249984000000000000000000
571,0,5781274830081586680965909434981351760516703561260588405012704154079963329015949974846205939654496193574483766492099179184771915888665711543109065628396783877783429600235500682165187374115140221123211447377586881680927350922936320000000000000000000
572,0,406961601210168747776363206388704930973311118555978328116466744848228010787989438923777142744268534292410648425943928327118902215250503689559141700539223181841075456554652926782973811694418429887638865756017197238200189950361600000000000000000000
573,0,22748867878116571558144978782290474656598509600760812845869279997602808282976864819492847045303110899699187143210016810655426292997343299730797263755715570745609693235219860681932786765913195310587680339679290529206258106368000000000000000000000
574,0,946678457929684810647316164354518143477534774671521190635474864847942060435984672265591098940333231381832276109918602519379145207857801783572836778595688623060449502821310046502251677653766530669722757267304489912253808640000000000000000000000
575,0,26068650817487158296682827844360654396541240157471876866118340039968433705555123273453494993565711679140592296067812366631958592198738855948209338439836990574399395798461051687848818759769822864731489662451380007416627200000000000000000000000
576,0,356253973318382270836432341804067555138039970314404009052773006806394795336187665841679821298633620292666680219504057636870309500262975785736806818051317684111255441235071295213702642265230492503360113358798738948096000000000000000000000000
