0,0,1
2,0,384
4,0,73536
6,0,9363584
8,0,891881376
10,0,67782984576
12,0,4281625192384
14,0,231207760388736
16,0,10895665708319184
18,0,455196700703112576
20,0,17069876276366721600
22,0,580375793396468534400
24,0,18040014244740230277600
26,0,516221946080258897174400
28,0,13679881571126860775121600
30,0,337437078754462565786332800
32,0,7782142628774792923447300200
34,0,168460499258183752695800380800
36,0,3434722401541857624408818875200
38,0,66163599945490520554401458332800
40,0,1207485699005202000117826614573600
42,0,20929752116090168002042327985942400
44,0,345340909915487772033698411768049600
46,0,5435365625626372759834731524349302400
48,0,81756957952130023595847420012087423600
50,0,1177300194510672339780202848174058899840
52,0,16255798839589668076195877788249505578560
54,0,215539851280485228565856453636789740634240
56,0,2748133103826186664214669783869069193086560
58,0,33735702929728360429669739415772021818579840
60,0,399205818001785598417758583086635591519861440
62,0,4558672889439745220641501239118354819291320960
64,0,50287860311632189465201560544024351600307384340
66,0,536403843324076687628816645802926417069945432960
68,0,5537580853139732863462195372847858011516201381440
70,0,55375808531397328634621953728478580115162013814400
72,0,536837699373824102596751718089972901671987300589600
74,0,5049176199515967235234313456630015399509502178518400
76,0,46106951085053700805955441301331982727099927788049600
78,0,409051412190476422534886735647714513425040384991414400
80,0,3528068430142859144363398094961537678290973320550949200
82,0,29601354633393745016122169382116316130051093226086012800
84,0,241744396172715584298331049953949915062083928013035771200
86,0,1922711243978342554186726025215136533749597753033912412800
88,0,14901012140832154794947126695417308136559382586012821199200
90,0,112585425064065169561822735032041883698448668427652426838400
92,0,829705632537349836553432764692656490734219534716829841265600
94,0,5966819229736686058618303712045061571663110696474223113782400
96,0,41892043342109650036549340644983036451051423014829441444680600
98,0,287259725774466171679195478708455107092924043530259027049238400
100,0,1924640162688923350250609707346649217522591091652735481229897280
102,0,12604506163492164685954973377525114483383243619843404916289915520
104,0,80717318316209439238903964129151213903204233180920266098548882080
106,0,505625465678896864666341813035437792752147272001236383862608091520
108,0,3099296835920645596380724816939442766684458278377948945528208857280
110,0,18595781015523873578284348901636656600106749670267693673169253143680
112,0,109250213466202757272420549797115357525627154312822700329869362219120
114,0,628667895033587796234279654972874338042205379203611328213985101892480
116,0,3544386235792813954631197365105688078272433775854843178034019453773120
118,0,19584235811329785579826615949567022262996837473367438576933734608983680
120,0,106081277311369671890727503060154703924566202980740292291724395798661600
122,0,563448095883340552337634606417870886419007373209177945942929577684694400
124,0,2935382822101919329113806094725359617957086799138136718380100864389617600
126,0,15003067757409809904359453373040726936225110306706032116164959973546934400
128,0,75249761720758577801552883324157396039504068882072442332639877367321342850
130,0,370460365394503767638414194826621026656020031419433562252996319346812764800
132,0,1790558432740101543585668608328668295504096818527262217556148876842928363200
134,0,8498471367333616281496158469380843551795564004353274405714258848299271932800
136,0,39617873874187593547562974041084226557635202784999823332520883160453958863200
138,0,181438378902076515377244924593950950611778609855941219899660856213093492764800
140,0,816472705059344319197602160672779277753003744351735489548473852958920717441600
142,0,3610879287163860791944325048609192862175255996147111883355222391959170496854400
144,0,15697294678920672609424635280759407859178543427695083604030341787266949521047600
146,0,67089807394839039097814879556122400713201445882751590198047488186675181514614400
148,0,281958514862093799451627399215595494889265536074807358805307686838594343933041600
150,0,1165428528096654371066726583424461378875630882442537083061938438932856621589905280
152,0,4738387041866660534994980451028402185165393982562420508764986547766482843043167520
154,0,18953548167466642139979921804113608740661575930249682035059946191065931372172670080
156,0,74599221633490501756074820434139460043373125776751953650812865136631293990474483520
158,0,288953947086684728320998671555021199661673120097292377432262490276065518494749265280
160,0,1101636923267985526723807435303518323710128770370927188960500744177499789261231573880
162,0,4134538576215649384247376053484809511208384520898294635111015138641480690560671585920
164,0,15277624251138314188133596880559722949952933046733942371202897402541081088291262079680
166,0,55588464142696034756823448890711281095009467230284946941003313440571162514023628289920
168,0,199191996511327457878617358525048757257117257575187726538595206495379999008584668038880
170,0,703030575922332204277473030088407378554531497324191976018571317042517643559710593078400
172,0,2444257467450899175336795767400393095207033926743411637552939811578055528190156596865600
174,0,8372284198854804071843277456153070601973518507695823770008920274140925832191570872022400
176,0,28256459171134963742471061414516613281660624963473405223780105925225624683646551693075600
178,0,93976538366920778289566676165133904846871292013349752204931588245694212431004261810678400
180,0,308034209091573662171357438541272243664744790488201965560609094805331029634958413712779200
182,0,995187444757391831630539416825648787224560092346498657965044767832607941897557951995132800
184,0,3169455666455606594214652707933859724530392468016566378084327358423414423652005216680151200
186,0,9951409189301474467856759039964376769493275275922982606458318157630505502219199174952732800
188,0,30807022064752436916450179581166315318324926652059446154035857275217841501550925105438779200
190,0,94042488408191649534426863984612962550676091885234098786004195892770253004734402953444694400
192,0,283107074478826944952597538453678606011931151612840151553700131385527115816335858891099132100
194,0,840565334535073815941732897676901428159135790355649109767686988031255766547471416089036598400
196,0,2461655622567001889543646343196639896751754814612972392891083322091534744889023432832178609600
198,0,7111449576304672125348311658123626368393958353326364690574240708264433707457178805959627094400
200,0,20267631292468315557242688225652335149922781306980139368136586018553636066252959596984937219040
202,0,56990171159019818002543796594903595867109602882993659213374162666032006364513272530135863071360
204,0,158119788607868710732547984670173702258745270743992211346910667004775076481933883588514208325440
206,0,432910489198242489578432346378533825601613265532095180580862214517927879300051991960786473279360
208,0,1169690841006789803572495089734307740327435842447295632146368098841708981570332785970971144149040
210,0,3119175576018106142859986905958153974206495579859455019056981596911223950854220762589256384397440
212,0,8209905525557090696772984403418159988713323271516867455819791184322938512154033893984929540064960
214,0,21330408748643656202830744524768677353853307191417655632877588310670812209147863761942153384467840
216,0,54708548364576784890593668827415959509420056407617505650991592241257546129018132056092374884236960
218,0,138528067418561400273429840333640411234861794206444326235538343656762226895495453646619224477517440
220,0,346320168546403500683574600834101028087154485516110815588845859141905567238738634116548061193793600
222,0,854880416051482515200895861518411546809732693976705977219313201845784913724453925657064583487382400
224,0,2083771014125488630802183662451128145348723441568220819472075929499100727203356443789094922250494600
226,0,5015802795063123075913220851209795181724360850500496131826589847997835378754981882394989547364022400
228,0,11923531205807950469934060093665390300414927986716091681798296919363275330198246404640720766102193600
230,0,27994377613636057625062575872083959835756787447072563079004697115026820340465448080460822668239932800
232,0,64917996362656030182257180255091251688091170890194133347002271758122540272286254600378976704797775200
234,0,148701051497365949477307045370636371388106271782666903735013750693819152076689882332492015016117980800
236,0,336467633472853461952889670457287382717155716660780197434310774874997572919289818498096339061894075200
238,0,752104121880495973777047498669230620191289249006449853088459379132347515937236064878097699079527932800
240,0,1660896602486095275424313226227884286255763758222576758903681128917267431028062976605799085467290851600
242,0,3623774405424207873653047039042656624558030017940167473971667917637674394970319221685379822837725494400
244,0,7811907119889890744022552223509989280809523727198885620119251330645150539976999633633236831199359057600
246,0,16639997279765458332796005549265180419285326963626894572936941858772597085154259382210634551010016854400
248,0,35024510403377295361772237486759774914786051108924350673681788912416514832461787893201416272690438701600
250,0,72850981639024774352486253972460331822754986306562649401258120937826350851520518817858945847196112499328
252,0,149749240035773147280110633165612904302329694074601001547030581927754165639236622014487833130347564581952
254,0,304214991568735999986366483123843537874024102923205184245148741239059643582071247871951661004958044583808
256,0,610806662759102749972626454397092103387689019150497908992212707019049440629627427367902944361517323890927
258,0,1212143454777754294519320715702756422226731696918817555829507387572687262024686987644830649275569262915328
260,0,2377666007448671885403282942340022212829358328571526744127110644854117321663809091149475504348232015718528
262,0,4610131037343226403759037155376836962279824545474563305406764151091189310706927550778372351942373526660352
264,0,8836084488241183940538154547805604177702997045492913002029631289591446178854944472325213674556215926099008
266,0,16742054819825401150493345459000092126174099665144466740687722443436424338883052684405668014948619649450752
268,0,31360117610269967826670370971709127788579843402621351879944912935093600813877956893924049789194802477702528
270,0,58074291870870310790130316614276162571444154449298799777675764694617779284959179433192684794805189773523200
272,0,106327196145931671961341535565843856472717606307907361357656363301175198837903203521066018484606560688288800
274,0,192475508351759522966516064381965521206087345725262960705830497070740505925547404914046515213010416428435200
276,0,344503264948439146179199042770619447376112857928550371698116904177339891040653688505576009113141832303068800
278,0,609696425736086546475417010946563914061322036333981233365012650558457648892092139369580562890884106090323200
280,0,1066968745038151456331979769156486849607313563584467158388772138477300885561161243896765985059047185658065600
282,0,1846385629711411030815624565065126179462301485919219763452910650981995858701583996530573761378776690074950400
284,0,3159659915632907609071808234583279307108022965340636637458149916821302772285105008147390309965089687945161600
286,0,5347116780301843646121521627756318827413577325961077386467638320774512383867100783018660524556305625753350400
288,0,8948994055921835546633935502008839148657445385809858681518755800740676975777578393802063794569928165323315600
290,0,14812128092560279525463065658497388935708875121340455748720699256398361890942198720775829728943329377086867200
292,0,24247250781656895935518306112197780518043980506851841944823610426569921177638256810037145926146956993998364800
294,0,39257453646492117228934400372129739886356920820617267910666797833494158097128606263869664832809358942664019200
296,0,62864976447423187724712519514829380763963447530312787127216426260392672087969457327953449766052824793320084800
298,0,99571372091220619483437279231541837988559554477542401087403198640621950421213368653671235871063534571970067200
300,0,155995149609578970524051737462748879515409968681483095036931677870307722326567610890751602864666204162753105280
302,0,241740827871797874851841765339624091434476375307728769792331209414913953804084906943283940863125111086650507520
304,0,370563242724532268687362706079818508580480233201978969484297182853124679186524890248586567244132571599931370080
306,0,561899819033277688467112077192927411703734732698425626930437558313234807655384147305046298043390566086170443520
308,0,842849728549916532700668115789391117555602099047638440395656337469852211483076220957569447065085849129255665280
310,0,1250680242364392274330023655687483593792183759877140911554844887858490378329726005291877244032062872901476148480
312,0,1835934458342601479625483443284831685759038980845290184269612046920476260496841379563076210790656396759218192320
314,0,2666197812115370301621721178783067671038604379826281286710009851578780811422164551212620229683246232236316865280
316,0,3830550021203728218152725997365546590669387305193454760020077444989767368309059196995346785684157561504075496320
318,0,5444681162214104259764252046569896411894852396061136954493946557029480661873253952961939456381255401886295988480
320,0,7656582884363584115293479440488916829227136181960973842257112345822707180759263371352727360536140408902603733800
322,0,10652637056505856160408319221549797327620363383597876650096851959405505642795496864490751110311151873255796499200
324,0,14663815207412382245500340656824721012711981694705719092417271524366838014465406177663194429625844862568164316800
326,0,19971576540156741463196782980460662974368465866409016187218615204965877541173743383075025542189800978467070419200
328,0,26912917166918535752234689260254917788630676563880442544971426587179627662191446875973052712341134245373308308800
330,0,35883889555891381002979585680339890384840902085173923393295235449572836882921929167964070283121512327164411078400
332,0,47340794052651882166581501590327927676386491305139091705612388936484646249156039083036936096407296383427747145600
334,0,61798162296276109654579445189769390619474581464193544861218567593734448397101895329952407598902937793935622022400
336,0,79822626299356641637165116703452129550154667724583328779073983141906995846256614801188526481916294650500178445600
338,0,102021818228763518305489143242282011732742060523727804830059055376638527235452241402702495385171122156852299078400
340,0,129027593642259743739295092924062544250232605956479282579192334741042843268366070009300214751834066257195554716800
342,0,161473128885635000936895613366955464734209226167757698666357658681772914967428882935615473432119825608420167891200
344,0,199963816585117762788132358413729732490619564963560405906594077321032737721292744565616836285125132875543580004800
346,0,245042364832629859601641965223761290682146518914883271978022799954097921369445444207576701112407677281012941971200
348,0,297149074595890232045669279667894438700763882132415921766452935576521042580189590389647608820218505208584659516800
350,0,356578889515068278454803135601473326440916658558899106119743522691825251096227508467577130584262206250301591420160
352,0,423437431299143580665078723526749575148588532038692688517195433196542485676770166305247842568811369922233139811440
354,0,497598789323287371629019064935389331248058839909876153737721187033225067913944602211816673753179462959460412885760
356,0,578668254999553291725881721582166244766001010456990807998361155707177466619025464369921637454540161980945536333440
358,0,665953410781608816176154383496794672747464850023129086299789933383679095662118690839127694500755717140082572540160
360,0,758446940056832262867286936760238377295723856970785903841427424131412303392968509011228763181416233409538485392960
362,0,854824175533667301795174227066788005349876612276465880572658533275182927581025280874534075629883489588651110608640
364,0,953457734249090452002309714805263544428708529077596559100272979422319419224989736360057238202562353771957007986560
366,0,1052450613761291100024407444757722600954093567615707677258224818815893566576218178932959355830150794873963473296640
368,0,1149687898728366908178836393458164362998765255928028495265778198815188080879455728073504513705762553096014446372960
370,0,1242905836463099360193336641576393905944611087489760535422462917638041168518330516836221095898121679022718320403200
372,0,1329775599226649315475666621901625738080524765647647024457366239838549422231977273389290312278097925406026590108800
374,0,1407997693298805157562470540837015487379379163626920378837211312770228800010328877706307389470927215135792860115200
376,0,1475401838190769234254290939068574739434774974651613375696439513913484434053376536745439126200918411605059539588800
378,0,1530046350716353279967412825700744174228655529268339797018529866280650524203501593661936871615767241664506189203200
380,0,1570310728366783629440239479008658494603093832670138212729543810130141327472014793495145736658287432234624773129600
382,0,1594975294780921592206316538888375643732985358837732006646761775734279672929690418523865303202658439023650293126400
384,0,1603282457774572225499057770861752600210761324248345194181380326649562379559532556120343768323505618393565138403100
386,0,1594975294780921592206316538888375643732985358837732006646761775734279672929690418523865303202658439023650293126400
388,0,1570310728366783629440239479008658494603093832670138212729543810130141327472014793495145736658287432234624773129600
390,0,1530046350716353279967412825700744174228655529268339797018529866280650524203501593661936871615767241664506189203200
392,0,1475401838190769234254290939068574739434774974651613375696439513913484434053376536745439126200918411605059539588800
394,0,1407997693298805157562470540837015487379379163626920378837211312770228800010328877706307389470927215135792860115200
396,0,1329775599226649315475666621901625738080524765647647024457366239838549422231977273389290312278097925406026590108800
398,0,1242905836463099360193336641576393905944611087489760535422462917638041168518330516836221095898121679022718320403200
400,0,1149687898728366908178836393458164362998765255928028495265778198815188080879455728073504513705762553096014446372960
402,0,1052450613761291100024407444757722600954093567615707677258224818815893566576218178932959355830150794873963473296640
404,0,953457734249090452002309714805263544428708529077596559100272979422319419224989736360057238202562353771957007986560
406,0,854824175533667301795174227066788005349876612276465880572658533275182927581025280874534075629883489588651110608640
408,0,758446940056832262867286936760238377295723856970785903841427424131412303392968509011228763181416233409538485392960
410,0,665953410781608816176154383496794672747464850023129086299789933383679095662118690839127694500755717140082572540160
412,0,578668254999553291725881721582166244766001010456990807998361155707177466619025464369921637454540161980945536333440
414,0,497598789323287371629019064935389331248058839909876153737721187033225067913944602211816673753179462959460412885760
416,0,423437431299143580665078723526749575148588532038692688517195433196542485676770166305247842568811369922233139811440
418,0,356578889515068278454803135601473326440916658558899106119743522691825251096227508467577130584262206250301591420160
420,0,297149074595890232045669279667894438700763882132415921766452935576521042580189590389647608820218505208584659516800
422,0,245042364832629859601641965223761290682146518914883271978022799954097921369445444207576701112407677281012941971200
424,0,199963816585117762788132358413729732490619564963560405906594077321032737721292744565616836285125132875543580004800
426,0,161473128885635000936895613366955464734209226167757698666357658681772914967428882935615473432119825608420167891200
428,0,129027593642259743739295092924062544250232605956479282579192334741042843268366070009300214751834066257195554716800
430,0,102021818228763518305489143242282011732742060523727804830059055376638527235452241402702495385171122156852299078400
432,0,79822626299356641637165116703452129550154667724583328779073983141906995846256614801188526481916294650500178445600
434,0,61798162296276109654579445189769390619474581464193544861218567593734448397101895329952407598902937793935622022400
436,0,47340794052651882166581501590327927676386491305139091705612388936484646249156039083036936096407296383427747145600
438,0,35883889555891381002979585680339890384840902085173923393295235449572836882921929167964070283121512327164411078400
440,0,26912917166918535752234689260254917788630676563880442544971426587179627662191446875973052712341134245373308308800
442,0,19971576540156741463196782980460662974368465866409016187218615204965877541173743383075025542189800978467070419200
444,0,14663815207412382245500340656824721012711981694705719092417271524366838014465406177663194429625844862568164316800
446,0,10652637056505856160408319221549797327620363383597876650096851959405505642795496864490751110311151873255796499200
448,0,7656582884363584115293479440488916829227136181960973842257112345822707180759263371352727360536140408902603733800
450,0,5444681162214104259764252046569896411894852396061136954493946557029480661873253952961939456381255401886295988480
452,0,3830550021203728218152725997365546590669387305193454760020077444989767368309059196995346785684157561504075496320
454,0,2666197812115370301621721178783067671038604379826281286710009851578780811422164551212620229683246232236316865280
456,0,1835934458342601479625483443284831685759038980845290184269612046920476260496841379563076210790656396759218192320
458,0,1250680242364392274330023655687483593792183759877140911554844887858490378329726005291877244032062872901476148480
460,0,842849728549916532700668115789391117555602099047638440395656337469852211483076220957569447065085849129255665280
462,0,561899819033277688467112077192927411703734732698425626930437558313234807655384147305046298043390566086170443520
464,0,370563242724532268687362706079818508580480233201978969484297182853124679186524890248586567244132571599931370080
466,0,241740827871797874851841765339624091434476375307728769792331209414913953804084906943283940863125111086650507520
468,0,155995149609578970524051737462748879515409968681483095036931677870307722326567610890751602864666204162753105280
470,0,99571372091220619483437279231541837988559554477542401087403198640621950421213368653671235871063534571970067200
472,0,62864976447423187724712519514829380763963447530312787127216426260392672087969457327953449766052824793320084800
474,0,39257453646492117228934400372129739886356920820617267910666797833494158097128606263869664832809358942664019200
476,0,24247250781656895935518306112197780518043980506851841944823610426569921177638256810037145926146956993998364800
478,0,14812128092560279525463065658497388935708875121340455748720699256398361890942198720775829728943329377086867200
480,0,8948994055921835546633935502008839148657445385809858681518755800740676975777578393802063794569928165323315600
482,0,5347116780301843646121521627756318827413577325961077386467638320774512383867100783018660524556305625753350400
484,0,3159659915632907609071808234583279307108022965340636637458149916821302772285105008147390309965089687945161600
486,0,1846385629711411030815624565065126179462301485919219763452910650981995858701583996530573761378776690074950400
488,0,1066968745038151456331979769156486849607313563584467158388772138477300885561161243896765985059047185658065600
490,0,609696425736086546475417010946563914061322036333981233365012650558457648892092139369580562890884106090323200
492,0,344503264948439146179199042770619447376112857928550371698116904177339891040653688505576009113141832303068800
494,0,192475508351759522966516064381965521206087345725262960705830497070740505925547404914046515213010416428435200
496,0,106327196145931671961341535565843856472717606307907361357656363301175198837903203521066018484606560688288800
498,0,58074291870870310790130316614276162571444154449298799777675764694617779284959179433192684794805189773523200
500,0,31360117610269967826670370971709127788579843402621351879944912935093600813877956893924049789194802477702528
502,0,16742054819825401150493345459000092126174099665144466740687722443436424338883052684405668014948619649450752
504,0,8836084488241183940538154547805604177702997045492913002029631289591446178854944472325213674556215926099008
506,0,4610131037343226403759037155376836962279824545474563305406764151091189310706927550778372351942373526660352
508,0,2377666007448671885403282942340022212829358328571526744127110644854117321663809091149475504348232015718528
510,0,1212143454777754294519320715702756422226731696918817555829507387572687262024686987644830649275569262915328
512,0,610806662759102749972626454397092103387689019150497908992212707019049440629627427367902944361517323890927
514,0,304214991568735999986366483123843537874024102923205184245148741239059643582071247871951661004958044583808
516,0,149749240035773147280110633165612904302329694074601001547030581927754165639236622014487833130347564581952
518,0,72850981639024774352486253972460331822754986306562649401258120937826350851520518817858945847196112499328
520,0,35024510403377295361772237486759774914786051108924350673681788912416514832461787893201416272690438701600
522,0,16639997279765458332796005549265180419285326963626894572936941858772597085154259382210634551010016854400
524,0,7811907119889890744022552223509989280809523727198885620119251330645150539976999633633236831199359057600
526,0,3623774405424207873653047039042656624558030017940167473971667917637674394970319221685379822837725494400
528,0,1660896602486095275424313226227884286255763758222576758903681128917267431028062976605799085467290851600
530,0,752104121880495973777047498669230620191289249006449853088459379132347515937236064878097699079527932800
532,0,336467633472853461952889670457287382717155716660780197434310774874997572919289818498096339061894075200
534,0,148701051497365949477307045370636371388106271782666903735013750693819152076689882332492015016117980800
536,0,64917996362656030182257180255091251688091170890194133347002271758122540272286254600378976704797775200
538,0,27994377613636057625062575872083959835756787447072563079004697115026820340465448080460822668239932800
540,0,11923531205807950469934060093665390300414927986716091681798296919363275330198246404640720766102193600
542,0,5015802795063123075913220851209795181724360850500496131826589847997835378754981882394989547364022400
544,0,2083771014125488630802183662451128145348723441568220819472075929499100727203356443789094922250494600
546,0,854880416051482515200895861518411546809732693976705977219313201845784913724453925657064583487382400
548,0,346320168546403500683574600834101028087154485516110815588845859141905567238738634116548061193793600
550,0,138528067418561400273429840333640411234861794206444326235538343656762226895495453646619224477517440
552,0,54708548364576784890593668827415959509420056407617505650991592241257546129018132056092374884236960
554,0,21330408748643656202830744524768677353853307191417655632877588310670812209147863761942153384467840
556,0,8209905525557090696772984403418159988713323271516867455819791184322938512154033893984929540064960
558,0,3119175576018106142859986905958153974206495579859455019056981596911223950854220762589256384397440
560,0,1169690841006789803572495089734307740327435842447295632146368098841708981570332785970971144149040
562,0,432910489198242489578432346378533825601613265532095180580862214517927879300051991960786473279360
564,0,158119788607868710732547984670173702258745270743992211346910667004775076481933883588514208325440
566,0,56990171159019818002543796594903595867109602882993659213374162666032006364513272530135863071360
568,0,20267631292468315557242688225652335149922781306980139368136586018553636066252959596984937219040
570,0,7111449576304672125348311658123626368393958353326364690574240708264433707457178805959627094400
572,0,2461655622567001889543646343196639896751754814612972392891083322091534744889023432832178609600
574,0,840565334535073815941732897676901428159135790355649109767686988031255766547471416089036598400
576,0,283107074478826944952597538453678606011931151612840151553700131385527115816335858891099132100
578,0,94042488408191649534426863984612962550676091885234098786004195892770253004734402953444694400
580,0,30807022064752436916450179581166315318324926652059446154035857275217841501550925105438779200
582,0,9951409189301474467856759039964376769493275275922982606458318157630505502219199174952732800
584,0,3169455666455606594214652707933859724530392468016566378084327358423414423652005216680151200
586,0,995187444757391831630539416825648787224560092346498657965044767832607941897557951995132800
588,0,308034209091573662171357438541272243664744790488201965560609094805331029634958413712779200
590,0,93976538366920778289566676165133904846871292013349752204931588245694212431004261810678400
592,0,28256459171134963742471061414516613281660624963473405223780105925225624683646551693075600
594,0,8372284198854804071843277456153070601973518507695823770008920274140925832191570872022400
596,0,2444257467450899175336795767400393095207033926743411637552939811578055528190156596865600
598,0,703030575922332204277473030088407378554531497324191976018571317042517643559710593078400
600,0,199191996511327457878617358525048757257117257575187726538595206495379999008584668038880
602,0,55588464142696034756823448890711281095009467230284946941003313440571162514023628289920
604,0,15277624251138314188133596880559722949952933046733942371202897402541081088291262079680
606,0,4134538576215649384247376053484809511208384520898294635111015138641480690560671585920
608,0,1101636923267985526723807435303518323710128770370927188960500744177499789261231573880
610,0,288953947086684728320998671555021199661673120097292377432262490276065518494749265280
612,0,74599221633490501756074820434139460043373125776751953650812865136631293990474483520
614,0,18953548167466642139979921804113608740661575930249682035059946191065931372172670080
616,0,4738387041866660534994980451028402185165393982562420508764986547766482843043167520
618,0,1165428528096654371066726583424461378875630882442537083061938438932856621589905280
620,0,281958514862093799451627399215595494889265536074807358805307686838594343933041600
622,0,67089807394839039097814879556122400713201445882751590198047488186675181514614400
624,0,15697294678920672609424635280759407859178543427695083604030341787266949521047600
626,0,3610879287163860791944325048609192862175255996147111883355222391959170496854400
628,0,816472705059344319197602160672779277753003744351735489548473852958920717441600
630,0,181438378902076515377244924593950950611778609855941219899660856213093492764800
632,0,39617873874187593547562974041084226557635202784999823332520883160453958863200
634,0,8498471367333616281496158469380843551795564004353274405714258848299271932800
636,0,1790558432740101543585668608328668295504096818527262217556148876842928363200
638,0,370460365394503767638414194826621026656020031419433562252996319346812764800
640,0,75249761720758577801552883324157396039504068882072442332639877367321342850
642,0,15003067757409809904359453373040726936225110306706032116164959973546934400
644,0,2935382822101919329113806094725359617957086799138136718380100864389617600
646,0,563448095883340552337634606417870886419007373209177945942929577684694400
648,0,106081277311369671890727503060154703924566202980740292291724395798661600
650,0,19584235811329785579826615949567022262996837473367438576933734608983680
652,0,3544386235792813954631197365105688078272433775854843178034019453773120
654,0,628667895033587796234279654972874338042205379203611328213985101892480
656,0,109250213466202757272420549797115357525627154312822700329869362219120
658,0,18595781015523873578284348901636656600106749670267693673169253143680
660,0,3099296835920645596380724816939442766684458278377948945528208857280
662,0,505625465678896864666341813035437792752147272001236383862608091520
664,0,80717318316209439238903964129151213903204233180920266098548882080
666,0,12604506163492164685954973377525114483383243619843404916289915520
668,0,1924640162688923350250609707346649217522591091652735481229897280
670,0,287259725774466171679195478708455107092924043530259027049238400
672,0,41892043342109650036549340644983036451051423014829441444680600
674,0,5966819229736686058618303712045061571663110696474223113782400
676,0,829705632537349836553432764692656490734219534716829841265600
678,0,112585425064065169561822735032041883698448668427652426838400
680,0,14901012140832154794947126695417308136559382586012821199200
682,0,1922711243978342554186726025215136533749597753033912412800
684,0,241744396172715584298331049953949915062083928013035771200
686,0,29601354633393745016122169382116316130051093226086012800
688,0,3528068430142859144363398094961537678290973320550949200
690,0,409051412190476422534886735647714513425040384991414400
692,0,46106951085053700805955441301331982727099927788049600
694,0,5049176199515967235234313456630015399509502178518400
696,0,536837699373824102596751718089972901671987300589600
698,0,55375808531397328634621953728478580115162013814400
700,0,5537580853139732863462195372847858011516201381440
702,0,536403843324076687628816645802926417069945432960
704,0,50287860311632189465201560544024351600307384340
706,0,4558672889439745220641501239118354819291320960
708,0,399205818001785598417758583086635591519861440
710,0,33735702929728360429669739415772021818579840
712,0,2748133103826186664214669783869069193086560
714,0,215539851280485228565856453636789740634240
716,0,16255798839589668076195877788249505578560
718,0,1177300194510672339780202848174058899840
720,0,81756957952130023595847420012087423600
722,0,5435365625626372759834731524349302400
724,0,345340909915487772033698411768049600
726,0,20929752116090168002042327985942400
728,0,1207485699005202000117826614573600
730,0,66163599945490520554401458332800
732,0,3434722401541857624408818875200
734,0,168460499258183752695800380800
736,0,7782142628774792923447300200
738,0,337437078754462565786332800
740,0,13679881571126860775121600
742,0,516221946080258897174400
744,0,18040014244740230277600
746,0,580375793396468534400
748,0,17069876276366721600
750,0,455196700703112576
752,0,10895665708319184
754,0,231207760388736
756,0,4281625192384
758,0,67782984576
760,0,891881376
762,0,9363584
764,0,73536
766,0,384
768,0,1
